0          References for Cross Section of 33S33S33S        
           Frandsen., 2020 (No isotope)   
0 Branching ratio for 33S33S33S       Total        1 branch
Lambda  Total   33S/33S33S
2449.7  1.54E-18  1.54E-18
2452.2  1.52E-18  1.52E-18
2454.6  1.51E-18  1.51E-18
2457  1.49E-18  1.49E-18
2459.5  1.48E-18  1.48E-18
2461.9  1.47E-18  1.47E-18
2464.4  1.45E-18  1.45E-18
2466.8  1.44E-18  1.44E-18
2469.3  1.42E-18  1.42E-18
2471.7  1.41E-18  1.41E-18
2474.2  1.39E-18  1.39E-18
2476.7  1.37E-18  1.37E-18
2479.1  1.36E-18  1.36E-18
2481.6  1.34E-18  1.34E-18
2484.1  1.33E-18  1.33E-18
2486.6  1.31E-18  1.31E-18
2489.1  1.29E-18  1.29E-18
2491.6  1.27E-18  1.27E-18
2494.1  1.25E-18  1.25E-18
2496.6  1.24E-18  1.24E-18
2499.1  1.22E-18  1.22E-18
2501.6  1.20E-18  1.20E-18
2504.2  1.18E-18  1.18E-18
2506.7  1.16E-18  1.16E-18
2509.2  1.14E-18  1.14E-18
2511.8  1.12E-18  1.12E-18
2514.3  1.09E-18  1.09E-18
2516.9  1.07E-18  1.07E-18
2519.4  1.05E-18  1.05E-18
2522  1.02E-18  1.02E-18
2524.6  1.00E-18  1.00E-18
2527.1  9.76E-19  9.76E-19
2529.7  9.50E-19  9.50E-19
2532.3  9.24E-19  9.24E-19
2534.9  8.98E-19  8.98E-19
2537.5  8.72E-19  8.72E-19
2540.1  8.45E-19  8.45E-19
2542.7  8.18E-19  8.18E-19
2545.3  7.91E-19  7.91E-19
2547.9  7.65E-19  7.65E-19
2550.5  7.38E-19  7.38E-19
2553.2  7.12E-19  7.12E-19
2555.8  6.87E-19  6.87E-19
2558.4  6.63E-19  6.63E-19
2561.1  6.39E-19  6.39E-19
2563.7  6.17E-19  6.17E-19
2566.4  5.95E-19  5.95E-19
2569  5.75E-19  5.75E-19
2571.7  5.56E-19  5.56E-19
2574.4  5.37E-19  5.37E-19
2577  5.20E-19  5.20E-19
2579.7  5.04E-19  5.04E-19
2582.4  4.89E-19  4.89E-19
2585.1  4.74E-19  4.74E-19
2587.8  4.61E-19  4.61E-19
2590.5  4.47E-19  4.47E-19
2593.2  4.35E-19  4.35E-19
2595.9  4.22E-19  4.22E-19
2598.6  4.10E-19  4.10E-19
2601.4  3.98E-19  3.98E-19
2604.1  3.86E-19  3.86E-19
2606.8  3.73E-19  3.73E-19
2609.6  3.61E-19  3.61E-19
2612.3  3.48E-19  3.48E-19
2615.1  3.36E-19  3.36E-19
2617.9  3.23E-19  3.23E-19
2620.6  3.10E-19  3.10E-19
2623.4  2.97E-19  2.97E-19
2626.2  2.83E-19  2.83E-19
2629  2.70E-19  2.70E-19
2631.7  2.57E-19  2.57E-19
2634.5  2.44E-19  2.44E-19
2637.3  2.31E-19  2.31E-19
2640.2  2.19E-19  2.19E-19
2643  2.06E-19  2.06E-19
2645.8  1.94E-19  1.94E-19
2648.6  1.83E-19  1.83E-19
2651.4  1.72E-19  1.72E-19
2654.3  1.62E-19  1.62E-19
2657.1  1.52E-19  1.52E-19
2660  1.42E-19  1.42E-19
2662.8  1.34E-19  1.34E-19
2665.7  1.25E-19  1.25E-19
2668.6  1.18E-19  1.18E-19
2671.4  1.10E-19  1.10E-19
2674.3  1.04E-19  1.04E-19
2677.2  9.74E-20  9.74E-20
2680.1  9.16E-20  9.16E-20
2683  8.62E-20  8.62E-20
2685.9  8.12E-20  8.12E-20
2688.8  7.65E-20  7.65E-20
2691.7  7.22E-20  7.22E-20
2694.7  6.81E-20  6.81E-20
2697.6  6.43E-20  6.43E-20
2700.5  6.08E-20  6.08E-20
2703.5  5.76E-20  5.76E-20
2706.4  5.45E-20  5.45E-20
2709.4  5.17E-20  5.17E-20
2712.3  4.91E-20  4.91E-20
2715.3  4.66E-20  4.66E-20
2718.3  4.43E-20  4.43E-20
2721.3  4.21E-20  4.21E-20
2724.3  4.01E-20  4.01E-20
2727.3  3.82E-20  3.82E-20
2730.3  3.64E-20  3.64E-20
2733.3  3.47E-20  3.47E-20
2736.3  3.30E-20  3.30E-20
2739.3  3.14E-20  3.14E-20
2742.3  2.99E-20  2.99E-20
2745.4  2.84E-20  2.84E-20
2748.4  2.69E-20  2.69E-20
2751.5  2.55E-20  2.55E-20
2754.5  2.41E-20  2.41E-20
2757.6  2.27E-20  2.27E-20
2760.7  2.14E-20  2.14E-20
2763.7  2.01E-20  2.01E-20
2766.8  1.89E-20  1.89E-20
2769.9  1.77E-20  1.77E-20
2773  1.65E-20  1.65E-20
2776.1  1.54E-20  1.54E-20
2779.2  1.43E-20  1.43E-20
2782.3  1.33E-20  1.33E-20
2785.5  1.23E-20  1.23E-20
2788.6  1.14E-20  1.14E-20
2791.7  1.06E-20  1.06E-20
2794.9  9.74E-21  9.74E-21
2798  8.98E-21  8.98E-21
2801.2  8.27E-21  8.27E-21
2804.4  7.60E-21  7.60E-21
2807.5  6.97E-21  6.97E-21
2810.7  6.39E-21  6.39E-21
2813.9  5.84E-21  5.84E-21
2817.1  5.33E-21  5.33E-21
2820.3  4.84E-21  4.84E-21
2823.5  4.39E-21  4.39E-21
2826.8  3.97E-21  3.97E-21
2830  3.58E-21  3.58E-21
2833.2  3.21E-21  3.21E-21
2836.5  2.87E-21  2.87E-21
2839.7  2.56E-21  2.56E-21
2843  2.26E-21  2.26E-21
2846.2  1.99E-21  1.99E-21
2849.5  1.75E-21  1.75E-21
2852.8  1.52E-21  1.52E-21
2856.1  1.32E-21  1.32E-21
2859.3  1.13E-21  1.13E-21
2862.6  9.66E-22  9.66E-22
2866  8.19E-22  8.19E-22
2869.3  6.89E-22  6.89E-22
2872.6  5.76E-22  5.76E-22
2875.9  4.78E-22  4.78E-22
2879.3  3.93E-22  3.93E-22
2882.6  3.21E-22  3.21E-22
2886  2.60E-22  2.60E-22
2889.3  2.09E-22  2.09E-22
2892.7  1.66E-22  1.66E-22
2896.1  1.31E-22  1.31E-22
2899.5  1.03E-22  1.03E-22
2902.9  8.00E-23  8.00E-23
2906.3  6.10E-23  6.10E-23
2909.7  4.70E-23  4.70E-23
2913.1  3.50E-23  3.50E-23
2916.5  2.60E-23  2.60E-23
2920  2.00E-23  2.00E-23
2923.4  1.40E-23  1.40E-23
2926.8  1.00E-23  1.00E-23
2930.3  8.00E-24  8.00E-24
2933.8  5.00E-24  5.00E-24
2937.2  4.00E-24  4.00E-24
2940.7  3.00E-24  3.00E-24
2944.2  2.00E-24  2.00E-24
2947.7  1.00E-24  1.00E-24
2951.2  1.00E-24  1.00E-24
2954.7  1.00E-24  1.00E-24
3102.6  0.00E+00  0.00E+00
3106.5  1.00E-24  1.00E-24
3110.4  1.00E-24  1.00E-24
3114.3  2.00E-24  2.00E-24
3118.2  3.00E-24  3.00E-24
3122.2  5.00E-24  5.00E-24
3126.1  9.00E-24  9.00E-24
3130  1.40E-23  1.40E-23
3134  2.10E-23  2.10E-23
3138  3.30E-23  3.30E-23
3141.9  5.00E-23  5.00E-23
3145.9  7.60E-23  7.60E-23
3149.9  1.14E-22  1.14E-22
3153.9  1.69E-22  1.69E-22
3157.9  2.48E-22  2.48E-22
3162  3.62E-22  3.62E-22
3166  5.22E-22  5.22E-22
3170.1  7.47E-22  7.47E-22
3174.1  1.06E-21  1.06E-21
3178.2  1.48E-21  1.48E-21
3182.3  2.06E-21  2.06E-21
3186.4  2.83E-21  2.83E-21
3190.5  3.86E-21  3.86E-21
3194.6  5.21E-21  5.21E-21
3198.7  6.97E-21  6.97E-21
3202.8  9.24E-21  9.24E-21
3207  1.21E-20  1.21E-20
3211.1  1.58E-20  1.58E-20
3215.3  2.03E-20  2.03E-20
3219.4  2.60E-20  2.60E-20
3223.6  3.28E-20  3.28E-20
3227.8  4.12E-20  4.12E-20
3232  5.12E-20  5.12E-20
3236.3  6.31E-20  6.31E-20
3240.5  7.70E-20  7.70E-20
3244.7  9.33E-20  9.33E-20
3249  1.12E-19  1.12E-19
3253.2  1.33E-19  1.33E-19
3257.5  1.58E-19  1.58E-19
3261.8  1.85E-19  1.85E-19
3266.1  2.15E-19  2.15E-19
3270.4  2.48E-19  2.48E-19
3274.7  2.84E-19  2.84E-19
3279.1  3.23E-19  3.23E-19
3283.4  3.65E-19  3.65E-19
3287.7  4.10E-19  4.10E-19
3292.1  4.58E-19  4.58E-19
3296.5  5.08E-19  5.08E-19
3300.9  5.62E-19  5.62E-19
3305.3  6.18E-19  6.18E-19
3309.7  6.76E-19  6.76E-19
3314.1  7.38E-19  7.38E-19
3318.5  8.02E-19  8.02E-19
3323  8.70E-19  8.70E-19
3327.5  9.41E-19  9.41E-19
3331.9  1.02E-18  1.02E-18
3336.4  1.10E-18  1.10E-18
3340.9  1.18E-18  1.18E-18
3345.4  1.27E-18  1.27E-18
3349.9  1.36E-18  1.36E-18
3354.5  1.47E-18  1.47E-18
3359  1.57E-18  1.57E-18
3363.6  1.69E-18  1.69E-18
3368.1  1.81E-18  1.81E-18
3372.7  1.95E-18  1.95E-18
3377.3  2.09E-18  2.09E-18
3381.9  2.24E-18  2.24E-18
3386.5  2.40E-18  2.40E-18
3391.2  2.57E-18  2.57E-18
3395.8  2.75E-18  2.75E-18
3400.5  2.94E-18  2.94E-18
3405.1  3.15E-18  3.15E-18
3409.8  3.37E-18  3.37E-18
3414.5  3.60E-18  3.60E-18
3419.2  3.85E-18  3.85E-18
3423.9  4.11E-18  4.11E-18
3428.7  4.39E-18  4.39E-18
3433.4  4.69E-18  4.69E-18
3438.2  5.00E-18  5.00E-18
3443  5.33E-18  5.33E-18
3447.7  5.68E-18  5.68E-18
3452.5  6.06E-18  6.06E-18
3457.4  6.45E-18  6.45E-18
3462.2  6.86E-18  6.86E-18
3467  7.29E-18  7.29E-18
3471.9  7.74E-18  7.74E-18
3476.7  8.21E-18  8.21E-18
3481.6  8.71E-18  8.71E-18
3486.5  9.21E-18  9.21E-18
3491.4  9.74E-18  9.74E-18
3496.4  1.03E-17  1.03E-17
3501.3  1.09E-17  1.09E-17
3506.2  1.14E-17  1.14E-17
3511.2  1.20E-17  1.20E-17
3516.2  1.27E-17  1.27E-17
3521.2  1.33E-17  1.33E-17
3526.2  1.39E-17  1.39E-17
3531.2  1.46E-17  1.46E-17
3536.2  1.53E-17  1.53E-17
3541.3  1.60E-17  1.60E-17
3546.4  1.68E-17  1.68E-17
3551.4  1.75E-17  1.75E-17
3556.5  1.83E-17  1.83E-17
3561.6  1.91E-17  1.91E-17
3566.8  1.99E-17  1.99E-17
3571.9  2.08E-17  2.08E-17
3577.1  2.16E-17  2.16E-17
3582.2  2.25E-17  2.25E-17
3587.4  2.34E-17  2.34E-17
3592.6  2.43E-17  2.43E-17
3597.8  2.52E-17  2.52E-17
3603  2.62E-17  2.62E-17
3608.3  2.71E-17  2.71E-17
3613.5  2.80E-17  2.80E-17
3618.8  2.89E-17  2.89E-17
3624.1  2.98E-17  2.98E-17
3629.4  3.06E-17  3.06E-17
3634.7  3.14E-17  3.14E-17
3640.1  3.22E-17  3.22E-17
3645.4  3.29E-17  3.29E-17
3650.8  3.36E-17  3.36E-17
3656.2  3.43E-17  3.43E-17
3661.6  3.49E-17  3.49E-17
3667  3.54E-17  3.54E-17
3672.4  3.59E-17  3.59E-17
3677.9  3.63E-17  3.63E-17
3683.3  3.66E-17  3.66E-17
3688.8  3.69E-17  3.69E-17
3694.3  3.72E-17  3.72E-17
3699.8  3.74E-17  3.74E-17
3705.3  3.75E-17  3.75E-17
3710.9  3.76E-17  3.76E-17
3716.4  3.76E-17  3.76E-17
3722  3.76E-17  3.76E-17
3727.6  3.76E-17  3.76E-17
3733.2  3.76E-17  3.76E-17
3738.9  3.75E-17  3.75E-17
3744.5  3.74E-17  3.74E-17
3750.2  3.72E-17  3.72E-17
3755.8  3.71E-17  3.71E-17
3761.5  3.69E-17  3.69E-17
3767.3  3.67E-17  3.67E-17
3773  3.65E-17  3.65E-17
3778.7  3.63E-17  3.63E-17
3784.5  3.60E-17  3.60E-17
3790.3  3.58E-17  3.58E-17
3796.1  3.55E-17  3.55E-17
3801.9  3.51E-17  3.51E-17
3807.8  3.48E-17  3.48E-17
3813.6  3.44E-17  3.44E-17
3819.5  3.40E-17  3.40E-17
3825.4  3.36E-17  3.36E-17
3831.3  3.31E-17  3.31E-17
3837.2  3.26E-17  3.26E-17
3843.2  3.20E-17  3.20E-17
3849.1  3.15E-17  3.15E-17
3855.1  3.08E-17  3.08E-17
3861.1  3.02E-17  3.02E-17
3867.1  2.95E-17  2.95E-17
3873.2  2.88E-17  2.88E-17
3879.2  2.80E-17  2.80E-17
3885.3  2.73E-17  2.73E-17
3891.4  2.65E-17  2.65E-17
3897.5  2.56E-17  2.56E-17
3903.7  2.48E-17  2.48E-17
3909.8  2.39E-17  2.39E-17
3916  2.31E-17  2.31E-17
3922.2  2.22E-17  2.22E-17
3928.4  2.14E-17  2.14E-17
3934.6  2.05E-17  2.05E-17
3940.9  1.96E-17  1.96E-17
3947.2  1.88E-17  1.88E-17
3953.5  1.79E-17  1.79E-17
3959.8  1.71E-17  1.71E-17
3966.1  1.63E-17  1.63E-17
3972.5  1.56E-17  1.56E-17
3978.8  1.48E-17  1.48E-17
3985.2  1.41E-17  1.41E-17
3991.6  1.34E-17  1.34E-17
3998.1  1.27E-17  1.27E-17
4004.5  1.21E-17  1.21E-17
4011  1.15E-17  1.15E-17
4017.5  1.09E-17  1.09E-17
4024  1.03E-17  1.03E-17
4030.6  9.76E-18  9.76E-18
4037.1  9.24E-18  9.24E-18
4043.7  8.75E-18  8.75E-18
4050.3  8.27E-18  8.27E-18
4056.9  7.82E-18  7.82E-18
4063.6  7.39E-18  7.39E-18
4070.3  6.97E-18  6.97E-18
4077  6.57E-18  6.57E-18
4083.7  6.18E-18  6.18E-18
4090.4  5.81E-18  5.81E-18
4097.2  5.45E-18  5.45E-18
4103.9  5.11E-18  5.11E-18
4110.7  4.78E-18  4.78E-18
4117.6  4.47E-18  4.47E-18
4124.4  4.17E-18  4.17E-18
4131.3  3.88E-18  3.88E-18
4138.2  3.60E-18  3.60E-18
4145.1  3.34E-18  3.34E-18
4152  3.09E-18  3.09E-18
4159  2.85E-18  2.85E-18
4166  2.63E-18  2.63E-18
4173  2.41E-18  2.41E-18
4180  2.21E-18  2.21E-18
4187.1  2.02E-18  2.02E-18
4194.2  1.84E-18  1.84E-18
4201.3  1.67E-18  1.67E-18
4208.4  1.52E-18  1.52E-18
4215.6  1.37E-18  1.37E-18
4222.8  1.24E-18  1.24E-18
4230  1.11E-18  1.11E-18
4237.2  9.94E-19  9.94E-19
4244.4  8.88E-19  8.88E-19
4251.7  7.90E-19  7.90E-19
4259  7.01E-19  7.01E-19
4266.3  6.20E-19  6.20E-19
4273.7  5.46E-19  5.46E-19
4281.1  4.80E-19  4.80E-19
4288.5  4.20E-19  4.20E-19
4295.9  3.66E-19  3.66E-19
4303.4  3.19E-19  3.19E-19
4310.8  2.76E-19  2.76E-19
4318.4  2.38E-19  2.38E-19
4325.9  2.05E-19  2.05E-19
4333.4  1.75E-19  1.75E-19
4341  1.50E-19  1.50E-19
4348.6  1.27E-19  1.27E-19
4356.3  1.08E-19  1.08E-19
4364  9.08E-20  9.08E-20
4371.6  7.62E-20  7.62E-20
4379.4  6.36E-20  6.36E-20
4387.1  5.29E-20  5.29E-20
4394.9  4.37E-20  4.37E-20
4402.7  3.59E-20  3.59E-20
4410.5  2.94E-20  2.94E-20
4418.4  2.39E-20  2.39E-20
4426.3  1.93E-20  1.93E-20
4434.2  1.55E-20  1.55E-20
4442.1  1.24E-20  1.24E-20
4450.1  9.80E-21  9.80E-21
4458.1  7.71E-21  7.71E-21
4466.1  6.03E-21  6.03E-21
4474.2  4.67E-21  4.67E-21
4482.3  3.60E-21  3.60E-21
4490.4  2.75E-21  2.75E-21
4498.5  2.08E-21  2.08E-21
4506.7  1.56E-21  1.56E-21
4514.9  1.17E-21  1.17E-21
4523.2  8.62E-22  8.62E-22
4531.4  6.31E-22  6.31E-22
4539.7  4.59E-22  4.59E-22
4548  3.30E-22  3.30E-22
4556.4  2.36E-22  2.36E-22
4564.8  1.67E-22  1.67E-22
4573.2  1.17E-22  1.17E-22
4581.7  8.10E-23  8.10E-23
4590.1  5.60E-23  5.60E-23
4598.6  3.80E-23  3.80E-23
4607.2  2.60E-23  2.60E-23
4615.8  1.70E-23  1.70E-23
4624.4  1.10E-23  1.10E-23
4633  8.00E-24  8.00E-24
4641.7  5.00E-24  5.00E-24
4650.4  3.00E-24  3.00E-24
4659.1  2.00E-24  2.00E-24
4667.9  1.00E-24  1.00E-24
4676.7  1.00E-24  1.00E-24
