0          References for Cross Section of O2        Total   
O2_Ackerman(1970)_300K_176-201nm
O2_Cheung(1986)_296-300K_195-241nm                                       
O2_JPL-2010(2011)_298K_205-245nm(rec)
O2_Bogumil(2003)_293K_235-389nm                                                    
0 Branching ratio for O2       Total        1 branch
 Lambda  Total   O/O      
1893.25  1.23E-21  1.23E-21
1901.33  3.06E-22  3.06E-22
1904.66  5.26E-22  5.26E-22
1950  6.26E-24  6.26E-24
1960  6.38E-24  6.38E-24
1970  6.45E-24  6.45E-24
1980  6.53E-24  6.53E-24
1990  6.57E-24  6.57E-24
2000  6.59E-24  6.59E-24
2010  6.62E-24  6.62E-24
2020  6.61E-24  6.61E-24
2030  6.58E-24  6.58E-24
2040  6.55E-24  6.55E-24
2050  7.35E-24  7.35E-24
2060  7.13E-24  7.13E-24
2070  7.05E-24  7.05E-24
2080  6.86E-24  6.86E-24
2090  6.68E-24  6.68E-24
2100  6.51E-24  6.51E-24
2110  6.24E-24  6.24E-24
2120  6.05E-24  6.05E-24
2130  5.89E-24  5.89E-24
2140  5.72E-24  5.72E-24
2150  5.59E-24  5.59E-24
2160  5.35E-24  5.35E-24
2170  5.13E-24  5.13E-24
2180  4.88E-24  4.88E-24
2190  4.64E-24  4.64E-24
2200  4.46E-24  4.46E-24
2210  4.26E-24  4.26E-24
2220  4.09E-24  4.09E-24
2230  3.89E-24  3.89E-24
2240  3.67E-24  3.67E-24
2250  3.45E-24  3.45E-24
2260  3.21E-24  3.21E-24
2270  2.98E-24  2.98E-24
2280  2.77E-24  2.77E-24
2290  2.63E-24  2.63E-24
2300  2.43E-24  2.43E-24
2310  2.25E-24  2.25E-24
2320  2.10E-24  2.10E-24
2330  1.94E-24  1.94E-24
2340  1.78E-24  1.78E-24
2350  1.63E-24  1.63E-24
2350.718  4.87E-24  4.87E-24
2352.022  4.88E-24  4.88E-24
2353.325  4.83E-24  4.83E-24
2354.628  4.77E-24  4.77E-24
2355.93  4.73E-24  4.73E-24
2357.232  4.71E-24  4.71E-24
2358.533  4.65E-24  4.65E-24
2359.833  4.67E-24  4.67E-24
2361.133  4.65E-24  4.65E-24
2362.433  4.58E-24  4.58E-24
2363.731  4.63E-24  4.63E-24
2365.029  4.53E-24  4.53E-24
2366.327  4.51E-24  4.51E-24
2367.624  4.54E-24  4.54E-24
2368.92  4.50E-24  4.50E-24
2370.216  4.45E-24  4.45E-24
2371.511  4.38E-24  4.38E-24
2372.806  4.37E-24  4.37E-24
2374.1  4.32E-24  4.32E-24
2375.393  4.31E-24  4.31E-24
2376.686  4.21E-24  4.21E-24
2377.978  4.19E-24  4.19E-24
2379.27  4.19E-24  4.19E-24
2380.561  4.19E-24  4.19E-24
2381.851  4.13E-24  4.13E-24
2383.141  4.07E-24  4.07E-24
2384.43  4.05E-24  4.05E-24
2385.719  4.04E-24  4.04E-24
2387.006  4.02E-24  4.02E-24
2388.294  4.00E-24  4.00E-24
2389.581  3.96E-24  3.96E-24
2390.867  3.92E-24  3.92E-24
2392.152  3.92E-24  3.92E-24
2393.437  3.83E-24  3.83E-24
2394.721  3.80E-24  3.80E-24
2396.005  3.77E-24  3.77E-24
2397.288  3.73E-24  3.73E-24
2398.57  3.70E-24  3.70E-24
2399.852  3.68E-24  3.68E-24
2401.133  3.67E-24  3.67E-24
2402.414  3.68E-24  3.68E-24
2403.694  3.65E-24  3.65E-24
2404.973  3.62E-24  3.62E-24
2406.252  3.57E-24  3.57E-24
2407.53  3.57E-24  3.57E-24
2408.808  3.53E-24  3.53E-24
2410.084  3.51E-24  3.51E-24
2411.361  3.50E-24  3.50E-24
2412.636  3.43E-24  3.43E-24
2413.911  3.42E-24  3.42E-24
2415.185  3.39E-24  3.39E-24
2416.459  3.36E-24  3.36E-24
2417.732  3.35E-24  3.35E-24
2419.005  3.30E-24  3.30E-24
2420.277  3.29E-24  3.29E-24
2421.548  3.25E-24  3.25E-24
2422.818  3.25E-24  3.25E-24
2424.088  3.23E-24  3.23E-24
2425.358  3.19E-24  3.19E-24
2426.626  3.07E-24  3.07E-24
2427.894  3.03E-24  3.03E-24
2429.162  3.10E-24  3.10E-24
2430.429  3.30E-24  3.30E-24
2431.695  3.31E-24  3.31E-24
2432.96  3.17E-24  3.17E-24
2434.225  3.02E-24  3.02E-24
2435.489  2.87E-24  2.87E-24
2436.753  2.84E-24  2.84E-24
2438.016  2.71E-24  2.71E-24
2439.278  2.70E-24  2.70E-24
2440.54  2.69E-24  2.69E-24
2441.801  2.67E-24  2.67E-24
2443.062  2.95E-24  2.95E-24
2444.322  3.20E-24  3.20E-24
2445.581  3.22E-24  3.22E-24
2446.839  3.14E-24  3.14E-24
2448.097  2.96E-24  2.96E-24
2449.355  2.78E-24  2.78E-24
2450.611  2.64E-24  2.64E-24
2451.867  2.58E-24  2.58E-24
2453.123  2.48E-24  2.48E-24
2454.377  2.44E-24  2.44E-24
2455.632  2.45E-24  2.45E-24
2456.885  2.38E-24  2.38E-24
2458.138  2.36E-24  2.36E-24
2459.39  2.36E-24  2.36E-24
2460.642  2.25E-24  2.25E-24
2461.893  2.32E-24  2.32E-24
2463.143  2.65E-24  2.65E-24
2464.393  3.06E-24  3.06E-24
2465.642  3.08E-24  3.08E-24
2466.89  2.97E-24  2.97E-24
2468.138  2.74E-24  2.74E-24
2469.385  2.60E-24  2.60E-24
2470.632  2.45E-24  2.45E-24
2471.878  2.39E-24  2.39E-24
2473.123  2.28E-24  2.28E-24
2474.367  2.26E-24  2.26E-24
2475.611  2.19E-24  2.19E-24
2476.855  2.11E-24  2.11E-24
2478.098  2.13E-24  2.13E-24
2479.34  2.04E-24  2.04E-24
2480.581  2.05E-24  2.05E-24
2481.822  2.09E-24  2.09E-24
2483.062  2.03E-24  2.03E-24
2484.302  1.97E-24  1.97E-24
2485.541  1.98E-24  1.98E-24
2486.779  1.98E-24  1.98E-24
2488.017  2.14E-24  2.14E-24
2489.254  2.65E-24  2.65E-24
2490.49  2.90E-24  2.90E-24
2491.726  2.76E-24  2.76E-24
2492.961  2.54E-24  2.54E-24
2494.196  2.43E-24  2.43E-24
2495.43  2.30E-24  2.30E-24
2496.663  2.25E-24  2.25E-24
2497.896  2.16E-24  2.16E-24
2499.128  2.10E-24  2.10E-24
2500.359  2.03E-24  2.03E-24
2501.59  1.88E-24  1.88E-24
2502.82  1.86E-24  1.86E-24
2504.05  1.76E-24  1.76E-24
2505.279  1.71E-24  1.71E-24
2506.507  1.74E-24  1.74E-24
2507.735  1.72E-24  1.72E-24
2508.962  1.73E-24  1.73E-24
2510.189  1.78E-24  1.78E-24
2511.414  1.74E-24  1.74E-24
2512.64  1.70E-24  1.70E-24
2513.864  1.75E-24  1.75E-24
2515.088  1.75E-24  1.75E-24
2516.312  1.76E-24  1.76E-24
2517.535  1.84E-24  1.84E-24
2518.757  2.05E-24  2.05E-24
2519.978  2.37E-24  2.37E-24
2521.199  2.45E-24  2.45E-24
2522.42  2.30E-24  2.30E-24
2523.639  2.15E-24  2.15E-24
2524.858  2.10E-24  2.10E-24
2526.077  1.99E-24  1.99E-24
2527.295  1.98E-24  1.98E-24
2528.512  1.85E-24  1.85E-24
2529.729  1.80E-24  1.80E-24
2530.945  1.68E-24  1.68E-24
2532.16  1.64E-24  1.64E-24
2533.375  1.62E-24  1.62E-24
2534.59  1.51E-24  1.51E-24
2535.803  1.41E-24  1.41E-24
2537.016  1.30E-24  1.30E-24
2538.229  1.34E-24  1.34E-24
2539.441  1.48E-24  1.48E-24
2540.652  1.53E-24  1.53E-24
2541.863  1.54E-24  1.54E-24
2543.073  1.56E-24  1.56E-24
2544.282  1.57E-24  1.57E-24
2545.491  1.53E-24  1.53E-24
2546.699  1.48E-24  1.48E-24
2547.907  1.52E-24  1.52E-24
2549.114  1.52E-24  1.52E-24
2550.321  1.55E-24  1.55E-24
2551.527  1.55E-24  1.55E-24
2552.732  1.57E-24  1.57E-24
2553.937  1.71E-24  1.71E-24
2555.141  1.96E-24  1.96E-24
2556.345  1.97E-24  1.97E-24
2557.548  1.92E-24  1.92E-24
2558.75  1.85E-24  1.85E-24
2559.952  1.79E-24  1.79E-24
2561.153  1.72E-24  1.72E-24
2562.354  1.65E-24  1.65E-24
2563.554  1.58E-24  1.58E-24
2564.754  1.55E-24  1.55E-24
2565.953  1.45E-24  1.45E-24
2567.151  1.42E-24  1.42E-24
2568.349  1.41E-24  1.41E-24
2569.546  1.35E-24  1.35E-24
2570.743  1.36E-24  1.36E-24
2571.939  1.32E-24  1.32E-24
2573.135  1.26E-24  1.26E-24
2574.33  1.29E-24  1.29E-24
2575.524  1.28E-24  1.28E-24
2576.718  1.25E-24  1.25E-24
2577.911  1.29E-24  1.29E-24
2579.104  1.31E-24  1.31E-24
2580.296  1.30E-24  1.30E-24
2581.488  1.31E-24  1.31E-24
2582.679  1.31E-24  1.31E-24
2583.869  1.33E-24  1.33E-24
2585.059  1.33E-24  1.33E-24
2586.249  1.32E-24  1.32E-24
2587.438  1.35E-24  1.35E-24
2588.626  1.37E-24  1.37E-24
2589.814  1.38E-24  1.38E-24
2591.001  1.35E-24  1.35E-24
2592.188  1.32E-24  1.32E-24
2593.374  1.42E-24  1.42E-24
2594.559  1.56E-24  1.56E-24
2595.745  1.58E-24  1.58E-24
2596.929  1.55E-24  1.55E-24
2598.113  1.52E-24  1.52E-24
2599.296  1.47E-24  1.47E-24
2600.479  1.46E-24  1.46E-24
2601.662  1.41E-24  1.41E-24
2602.844  1.35E-24  1.35E-24
2604.025  1.32E-24  1.32E-24
2605.206  1.26E-24  1.26E-24
2606.386  1.26E-24  1.26E-24
2607.566  1.22E-24  1.22E-24
2608.745  1.19E-24  1.19E-24
2609.924  1.19E-24  1.19E-24
2611.102  1.13E-24  1.13E-24
2612.279  1.11E-24  1.11E-24
2613.457  1.12E-24  1.12E-24
2614.633  1.08E-24  1.08E-24
2615.809  1.05E-24  1.05E-24
2616.985  1.07E-24  1.07E-24
2618.16  1.09E-24  1.09E-24
2619.334  1.10E-24  1.10E-24
2620.509  1.13E-24  1.13E-24
2621.682  1.14E-24  1.14E-24
2622.855  1.12E-24  1.12E-24
2624.028  1.12E-24  1.12E-24
2625.2  1.11E-24  1.11E-24
2626.371  1.12E-24  1.12E-24
2627.542  1.12E-24  1.12E-24
2628.713  1.12E-24  1.12E-24
2629.883  1.14E-24  1.14E-24
2631.052  1.15E-24  1.15E-24
2632.221  1.14E-24  1.14E-24
2633.39  1.14E-24  1.14E-24
2634.558  1.14E-24  1.14E-24
2635.726  1.15E-24  1.15E-24
2636.893  1.18E-24  1.18E-24
2638.059  1.26E-24  1.26E-24
2639.226  1.29E-24  1.29E-24
2640.391  1.27E-24  1.27E-24
2641.556  1.25E-24  1.25E-24
2642.721  1.23E-24  1.23E-24
2643.885  1.17E-24  1.17E-24
2645.049  1.16E-24  1.16E-24
2646.212  1.11E-24  1.11E-24
2647.375  1.11E-24  1.11E-24
2648.538  1.07E-24  1.07E-24
2649.699  1.05E-24  1.05E-24
2650.861  1.04E-24  1.04E-24
2652.022  1.00E-24  1.00E-24
2653.182  1.02E-24  1.02E-24
2654.342  9.84E-25  9.84E-25
2655.502  9.79E-25  9.79E-25
2656.661  9.64E-25  9.64E-25
2657.82  9.63E-25  9.63E-25
2658.978  9.50E-25  9.50E-25
2660.136  9.44E-25  9.44E-25
2661.293  9.74E-25  9.74E-25
2662.45  9.42E-25  9.42E-25
2663.606  9.43E-25  9.43E-25
2664.762  9.45E-25  9.45E-25
2665.918  9.76E-25  9.76E-25
2667.073  9.63E-25  9.63E-25
2668.228  9.54E-25  9.54E-25
2669.382  9.46E-25  9.46E-25
2670.536  9.50E-25  9.50E-25
2671.689  9.45E-25  9.45E-25
2672.842  9.49E-25  9.49E-25
2673.994  9.64E-25  9.64E-25
2675.146  9.77E-25  9.77E-25
2676.298  9.64E-25  9.64E-25
2677.449  9.70E-25  9.70E-25
2678.6  9.65E-25  9.65E-25
2679.75  9.67E-25  9.67E-25
2680.9  9.45E-25  9.45E-25
2682.05  9.16E-25  9.16E-25
2683.199  9.02E-25  9.02E-25
2684.348  9.29E-25  9.29E-25
2685.496  9.64E-25  9.64E-25
2686.644  9.90E-25  9.90E-25
2687.792  9.83E-25  9.83E-25
2688.939  9.47E-25  9.47E-25
2690.085  9.36E-25  9.36E-25
2691.232  9.20E-25  9.20E-25
2692.378  9.13E-25  9.13E-25
2693.523  8.84E-25  8.84E-25
2694.668  8.83E-25  8.83E-25
2695.813  8.75E-25  8.75E-25
2696.957  8.70E-25  8.70E-25
2698.101  8.66E-25  8.66E-25
2699.245  8.48E-25  8.48E-25
2700.388  8.29E-25  8.29E-25
2701.531  8.35E-25  8.35E-25
2702.673  8.18E-25  8.18E-25
2703.815  8.13E-25  8.13E-25
2704.957  8.05E-25  8.05E-25
2706.098  7.95E-25  7.95E-25
2707.239  7.75E-25  7.75E-25
2708.379  7.94E-25  7.94E-25
2709.519  7.92E-25  7.92E-25
2710.659  7.69E-25  7.69E-25
2711.799  7.82E-25  7.82E-25
2712.938  7.59E-25  7.59E-25
2714.076  7.67E-25  7.67E-25
2715.215  7.76E-25  7.76E-25
2716.353  8.01E-25  8.01E-25
2717.49  7.98E-25  7.98E-25
2718.628  7.91E-25  7.91E-25
2719.764  7.71E-25  7.71E-25
2720.901  7.79E-25  7.79E-25
2722.037  7.60E-25  7.60E-25
2723.173  7.56E-25  7.56E-25
2724.309  7.58E-25  7.58E-25
2725.444  7.67E-25  7.67E-25
2726.579  7.66E-25  7.66E-25
2727.713  7.59E-25  7.59E-25
2728.847  7.57E-25  7.57E-25
2729.981  7.44E-25  7.44E-25
2731.115  7.74E-25  7.74E-25
2732.248  7.60E-25  7.60E-25
2733.381  7.48E-25  7.48E-25
2734.513  7.17E-25  7.17E-25
2735.645  7.06E-25  7.06E-25
2736.777  6.98E-25  6.98E-25
2737.909  7.31E-25  7.31E-25
2739.04  7.25E-25  7.25E-25
2740.171  7.28E-25  7.28E-25
2741.301  7.22E-25  7.22E-25
2742.431  6.95E-25  6.95E-25
2743.561  6.98E-25  6.98E-25
2744.691  6.90E-25  6.90E-25
2745.82  6.90E-25  6.90E-25
2746.949  6.89E-25  6.89E-25
2748.078  7.00E-25  7.00E-25
2749.207  6.73E-25  6.73E-25
2750.335  6.84E-25  6.84E-25
2751.462  6.30E-25  6.30E-25
2752.59  6.30E-25  6.30E-25
2753.717  6.42E-25  6.42E-25
2754.844  6.30E-25  6.30E-25
2755.971  6.27E-25  6.27E-25
2757.097  6.28E-25  6.28E-25
2758.223  6.27E-25  6.27E-25
2759.349  6.39E-25  6.39E-25
2760.474  6.49E-25  6.49E-25
2761.6  6.33E-25  6.33E-25
2762.725  6.41E-25  6.41E-25
2763.849  6.20E-25  6.20E-25
2764.974  6.20E-25  6.20E-25
2766.098  6.09E-25  6.09E-25
2767.222  6.00E-25  6.00E-25
2768.345  6.11E-25  6.11E-25
2769.468  6.19E-25  6.19E-25
2770.591  6.19E-25  6.19E-25
2771.714  6.11E-25  6.11E-25
2772.837  6.08E-25  6.08E-25
2773.959  6.06E-25  6.06E-25
2775.081  5.94E-25  5.94E-25
2776.203  6.20E-25  6.20E-25
2777.324  6.16E-25  6.16E-25
2778.445  5.96E-25  5.96E-25
2779.566  5.96E-25  5.96E-25
2780.687  5.85E-25  5.85E-25
2781.807  5.79E-25  5.79E-25
2782.928  5.73E-25  5.73E-25
2784.048  5.92E-25  5.92E-25
2785.167  5.96E-25  5.96E-25
2786.287  5.70E-25  5.70E-25
2787.406  5.80E-25  5.80E-25
2788.525  5.66E-25  5.66E-25
2789.644  5.72E-25  5.72E-25
2790.762  5.61E-25  5.61E-25
2791.881  5.60E-25  5.60E-25
2792.999  5.59E-25  5.59E-25
2794.117  5.57E-25  5.57E-25
2795.234  5.56E-25  5.56E-25
2796.352  5.72E-25  5.72E-25
2797.469  5.76E-25  5.76E-25
2798.586  5.62E-25  5.62E-25
2799.703  5.46E-25  5.46E-25
2800.819  5.26E-25  5.26E-25
2801.935  5.37E-25  5.37E-25
2803.052  5.37E-25  5.37E-25
2804.167  5.47E-25  5.47E-25
2805.283  5.17E-25  5.17E-25
2806.399  5.24E-25  5.24E-25
2807.514  5.34E-25  5.34E-25
2808.629  5.11E-25  5.11E-25
2809.744  5.17E-25  5.17E-25
2810.858  5.30E-25  5.30E-25
2811.973  5.37E-25  5.37E-25
2813.087  5.22E-25  5.22E-25
2814.201  5.38E-25  5.38E-25
2815.315  5.11E-25  5.11E-25
2816.429  4.97E-25  4.97E-25
2817.542  5.03E-25  5.03E-25
2818.656  4.92E-25  4.92E-25
2819.769  5.21E-25  5.21E-25
2820.882  5.06E-25  5.06E-25
2821.994  5.08E-25  5.08E-25
2823.107  5.07E-25  5.07E-25
2824.219  4.86E-25  4.86E-25
2825.331  4.98E-25  4.98E-25
2826.443  4.92E-25  4.92E-25
2827.555  4.88E-25  4.88E-25
2828.667  4.80E-25  4.80E-25
2829.778  4.86E-25  4.86E-25
2830.89  4.80E-25  4.80E-25
2832.001  4.76E-25  4.76E-25
2833.112  4.89E-25  4.89E-25
2834.223  4.55E-25  4.55E-25
2835.333  4.66E-25  4.66E-25
2836.444  4.58E-25  4.58E-25
2837.554  4.53E-25  4.53E-25
2838.664  4.54E-25  4.54E-25
2839.774  4.54E-25  4.54E-25
2840.884  4.84E-25  4.84E-25
2841.994  4.60E-25  4.60E-25
2843.104  4.62E-25  4.62E-25
2844.213  4.56E-25  4.56E-25
2845.322  4.37E-25  4.37E-25
2846.431  4.46E-25  4.46E-25
2847.54  4.33E-25  4.33E-25
2848.649  4.44E-25  4.44E-25
2849.758  4.35E-25  4.35E-25
2850.866  4.28E-25  4.28E-25
2851.975  4.39E-25  4.39E-25
2853.083  4.46E-25  4.46E-25
2854.191  4.18E-25  4.18E-25
2855.299  4.12E-25  4.12E-25
2856.407  4.38E-25  4.38E-25
2857.515  4.32E-25  4.32E-25
2858.622  4.24E-25  4.24E-25
2859.73  4.35E-25  4.35E-25
2860.837  4.31E-25  4.31E-25
2861.944  4.25E-25  4.25E-25
2863.051  4.27E-25  4.27E-25
2864.158  4.22E-25  4.22E-25
2865.265  4.16E-25  4.16E-25
2866.372  4.09E-25  4.09E-25
2867.478  4.11E-25  4.11E-25
2868.585  4.26E-25  4.26E-25
2869.691  4.08E-25  4.08E-25
2870.797  4.05E-25  4.05E-25
2871.903  4.15E-25  4.15E-25
2873.009  4.12E-25  4.12E-25
2874.115  4.07E-25  4.07E-25
2875.221  4.14E-25  4.14E-25
2876.327  4.13E-25  4.13E-25
2877.432  4.07E-25  4.07E-25
2878.538  3.80E-25  3.80E-25
2879.643  3.81E-25  3.81E-25
2880.748  3.82E-25  3.82E-25
2881.853  4.10E-25  4.10E-25
2882.958  4.11E-25  4.11E-25
2884.063  4.08E-25  4.08E-25
2885.168  3.90E-25  3.90E-25
2886.273  3.80E-25  3.80E-25
2887.377  3.91E-25  3.91E-25
2888.482  3.76E-25  3.76E-25
2889.586  3.61E-25  3.61E-25
2890.691  3.59E-25  3.59E-25
2891.795  3.81E-25  3.81E-25
2892.899  3.74E-25  3.74E-25
2894.003  3.77E-25  3.77E-25
2895.107  3.95E-25  3.95E-25
2896.211  3.96E-25  3.96E-25
2897.315  3.74E-25  3.74E-25
2898.419  3.78E-25  3.78E-25
2899.522  3.82E-25  3.82E-25
2900.626  3.80E-25  3.80E-25
2901.729  3.66E-25  3.66E-25
2902.833  3.81E-25  3.81E-25
2903.936  3.80E-25  3.80E-25
2905.039  3.60E-25  3.60E-25
2906.142  3.67E-25  3.67E-25
2907.245  3.73E-25  3.73E-25
2908.348  3.65E-25  3.65E-25
2909.451  3.63E-25  3.63E-25
2910.554  3.55E-25  3.55E-25
2911.657  3.82E-25  3.82E-25
2912.76  3.61E-25  3.61E-25
2913.862  3.40E-25  3.40E-25
2914.965  3.50E-25  3.50E-25
2916.067  3.77E-25  3.77E-25
2917.17  3.54E-25  3.54E-25
2918.272  3.33E-25  3.33E-25
2919.374  3.32E-25  3.32E-25
2920.476  3.50E-25  3.50E-25
2921.579  3.55E-25  3.55E-25
2922.681  3.63E-25  3.63E-25
2923.783  3.48E-25  3.48E-25
2924.885  3.41E-25  3.41E-25
2925.987  3.42E-25  3.42E-25
2927.088  3.48E-25  3.48E-25
2928.19  3.41E-25  3.41E-25
2929.292  3.36E-25  3.36E-25
2930.393  3.36E-25  3.36E-25
2931.495  3.24E-25  3.24E-25
2932.597  3.43E-25  3.43E-25
2933.698  3.30E-25  3.30E-25
2934.8  3.20E-25  3.20E-25
2935.901  3.24E-25  3.24E-25
2937.002  3.27E-25  3.27E-25
2938.103  2.94E-25  2.94E-25
2939.205  2.93E-25  2.93E-25
2940.306  2.81E-25  2.81E-25
2941.407  2.97E-25  2.97E-25
2942.508  3.12E-25  3.12E-25
2943.609  3.15E-25  3.15E-25
2944.71  3.32E-25  3.32E-25
2945.811  3.15E-25  3.15E-25
2946.912  3.29E-25  3.29E-25
2948.013  3.54E-25  3.54E-25
2949.113  3.21E-25  3.21E-25
2950.214  3.28E-25  3.28E-25
2951.315  3.26E-25  3.26E-25
2952.415  3.22E-25  3.22E-25
2953.516  3.22E-25  3.22E-25
2954.616  3.39E-25  3.39E-25
2955.717  3.18E-25  3.18E-25
2956.817  3.18E-25  3.18E-25
2957.918  3.18E-25  3.18E-25
2959.018  3.05E-25  3.05E-25
2960.118  2.93E-25  2.93E-25
2961.219  3.05E-25  3.05E-25
2962.319  3.27E-25  3.27E-25
2963.419  3.12E-25  3.12E-25
2964.519  3.18E-25  3.18E-25
2965.619  3.14E-25  3.14E-25
2966.719  3.17E-25  3.17E-25
2967.819  3.33E-25  3.33E-25
2968.919  3.21E-25  3.21E-25
2970.019  3.38E-25  3.38E-25
2971.119  3.45E-25  3.45E-25
2972.219  3.37E-25  3.37E-25
2973.319  3.31E-25  3.31E-25
2974.419  3.27E-25  3.27E-25
2975.518  3.03E-25  3.03E-25
2976.618  3.13E-25  3.13E-25
2977.718  3.03E-25  3.03E-25
2978.817  2.90E-25  2.90E-25
2979.917  2.96E-25  2.96E-25
2981.016  2.80E-25  2.80E-25
2982.116  2.88E-25  2.88E-25
2983.215  2.75E-25  2.75E-25
2984.315  2.99E-25  2.99E-25
2985.414  3.01E-25  3.01E-25
2986.513  2.95E-25  2.95E-25
2987.613  3.02E-25  3.02E-25
2988.712  2.83E-25  2.83E-25
2989.811  3.17E-25  3.17E-25
2990.91  3.23E-25  3.23E-25
2992.01  3.08E-25  3.08E-25
2993.109  2.97E-25  2.97E-25
2994.208  2.97E-25  2.97E-25
2995.307  3.08E-25  3.08E-25
2996.406  3.04E-25  3.04E-25
2997.505  3.23E-25  3.23E-25
2998.604  3.19E-25  3.19E-25
2999.703  3.03E-25  3.03E-25
3000.801  2.94E-25  2.94E-25
3001.9  2.92E-25  2.92E-25
3002.999  3.02E-25  3.02E-25
3004.098  3.04E-25  3.04E-25
3005.196  3.04E-25  3.04E-25
3006.295  3.35E-25  3.35E-25
3007.393  2.95E-25  2.95E-25
3008.492  3.01E-25  3.01E-25
3009.591  3.18E-25  3.18E-25
3010.689  3.03E-25  3.03E-25
3011.787  2.99E-25  2.99E-25
3012.886  3.33E-25  3.33E-25
3013.984  3.17E-25  3.17E-25
3015.082  2.75E-25  2.75E-25
3016.181  3.07E-25  3.07E-25
3017.279  3.23E-25  3.23E-25
3018.377  3.11E-25  3.11E-25
3019.475  2.92E-25  2.92E-25
3020.573  3.09E-25  3.09E-25
3021.671  3.23E-25  3.23E-25
3022.769  3.03E-25  3.03E-25
3023.867  3.06E-25  3.06E-25
3024.965  3.07E-25  3.07E-25
3026.063  2.90E-25  2.90E-25
3027.16  3.10E-25  3.10E-25
3028.258  3.20E-25  3.20E-25
3029.356  2.93E-25  2.93E-25
3030.453  2.68E-25  2.68E-25
3031.551  2.87E-25  2.87E-25
3032.648  2.94E-25  2.94E-25
3033.746  2.86E-25  2.86E-25
3034.843  2.71E-25  2.71E-25
3035.94  2.78E-25  2.78E-25
3037.038  2.77E-25  2.77E-25
3038.135  2.50E-25  2.50E-25
3039.232  2.32E-25  2.32E-25
3040.329  2.59E-25  2.59E-25
3041.426  2.58E-25  2.58E-25
3042.523  2.72E-25  2.72E-25
3043.62  2.44E-25  2.44E-25
3044.717  2.50E-25  2.50E-25
3045.814  2.70E-25  2.70E-25
3046.91  2.69E-25  2.69E-25
3048.007  2.61E-25  2.61E-25
3049.104  2.97E-25  2.97E-25
3050.2  2.67E-25  2.67E-25
3051.296  2.75E-25  2.75E-25
3052.393  2.84E-25  2.84E-25
3053.489  2.61E-25  2.61E-25
3054.585  2.64E-25  2.64E-25
3055.681  3.00E-25  3.00E-25
3056.777  2.95E-25  2.95E-25
3057.873  2.96E-25  2.96E-25
3058.969  2.81E-25  2.81E-25
3060.065  2.74E-25  2.74E-25
3061.161  2.73E-25  2.73E-25
3062.257  2.75E-25  2.75E-25
3063.352  2.82E-25  2.82E-25
3064.448  2.89E-25  2.89E-25
3065.543  2.89E-25  2.89E-25
3066.638  2.59E-25  2.59E-25
3067.734  2.80E-25  2.80E-25
3068.829  2.63E-25  2.63E-25
3069.924  2.65E-25  2.65E-25
3071.019  3.10E-25  3.10E-25
3072.114  2.84E-25  2.84E-25
3073.208  2.88E-25  2.88E-25
3074.303  2.69E-25  2.69E-25
3075.398  2.98E-25  2.98E-25
3075.696  3.26E-25  3.26E-25
3076.851  3.70E-25  3.70E-25
3078.005  3.33E-25  3.33E-25
3079.159  3.50E-25  3.50E-25
3080.314  4.03E-25  4.03E-25
3081.468  3.83E-25  3.83E-25
3082.621  3.68E-25  3.68E-25
3083.775  4.17E-25  4.17E-25
3084.929  4.02E-25  4.02E-25
3086.082  4.35E-25  4.35E-25
3087.235  3.69E-25  3.69E-25
3088.388  3.57E-25  3.57E-25
3089.541  3.55E-25  3.55E-25
3090.693  3.59E-25  3.59E-25
3091.845  3.93E-25  3.93E-25
3092.998  4.06E-25  4.06E-25
3094.15  3.95E-25  3.95E-25
3095.301  3.76E-25  3.76E-25
3096.453  3.60E-25  3.60E-25
3097.604  3.75E-25  3.75E-25
3098.756  3.73E-25  3.73E-25
3099.907  4.10E-25  4.10E-25
3101.057  3.81E-25  3.81E-25
3102.208  3.57E-25  3.57E-25
3103.359  3.43E-25  3.43E-25
3104.509  3.38E-25  3.38E-25
3105.659  3.38E-25  3.38E-25
3106.809  3.55E-25  3.55E-25
3107.958  3.51E-25  3.51E-25
3109.108  3.80E-25  3.80E-25
3110.257  3.70E-25  3.70E-25
3111.406  3.43E-25  3.43E-25
3112.555  3.92E-25  3.92E-25
3113.704  3.95E-25  3.95E-25
3114.852  3.62E-25  3.62E-25
3116.001  3.49E-25  3.49E-25
3117.149  3.26E-25  3.26E-25
3118.297  3.22E-25  3.22E-25
3119.444  3.36E-25  3.36E-25
3120.592  3.56E-25  3.56E-25
3121.739  3.41E-25  3.41E-25
3122.886  3.25E-25  3.25E-25
3124.033  2.85E-25  2.85E-25
3125.18  3.02E-25  3.02E-25
3126.326  3.19E-25  3.19E-25
3127.472  3.03E-25  3.03E-25
3128.619  3.13E-25  3.13E-25
3129.764  3.16E-25  3.16E-25
3130.91  2.94E-25  2.94E-25
3132.055  2.92E-25  2.92E-25
3133.201  3.28E-25  3.28E-25
3134.346  2.99E-25  2.99E-25
3135.491  3.13E-25  3.13E-25
3136.635  2.67E-25  2.67E-25
3137.78  2.67E-25  2.67E-25
3138.924  2.63E-25  2.63E-25
3140.068  2.74E-25  2.74E-25
3141.211  2.50E-25  2.50E-25
3142.355  2.35E-25  2.35E-25
3143.498  2.47E-25  2.47E-25
3144.641  2.55E-25  2.55E-25
3145.784  2.71E-25  2.71E-25
3146.927  2.59E-25  2.59E-25
3148.069  2.70E-25  2.70E-25
3149.212  2.46E-25  2.46E-25
3150.354  2.57E-25  2.57E-25
3151.496  2.38E-25  2.38E-25
3152.637  2.47E-25  2.47E-25
3153.779  2.54E-25  2.54E-25
3154.92  2.45E-25  2.45E-25
3156.061  2.45E-25  2.45E-25
3157.202  2.62E-25  2.62E-25
3158.342  2.44E-25  2.44E-25
3159.482  2.76E-25  2.76E-25
3160.622  2.78E-25  2.78E-25
3161.762  2.54E-25  2.54E-25
3162.902  2.64E-25  2.64E-25
3164.041  2.71E-25  2.71E-25
3165.181  2.89E-25  2.89E-25
3166.32  2.75E-25  2.75E-25
3167.458  2.63E-25  2.63E-25
3168.597  2.47E-25  2.47E-25
3169.735  2.38E-25  2.38E-25
3170.873  2.71E-25  2.71E-25
3172.011  2.59E-25  2.59E-25
3173.149  2.55E-25  2.55E-25
3174.286  2.85E-25  2.85E-25
3175.424  2.67E-25  2.67E-25
3176.561  2.69E-25  2.69E-25
3177.697  2.50E-25  2.50E-25
3178.834  2.55E-25  2.55E-25
3179.97  2.48E-25  2.48E-25
3181.106  2.69E-25  2.69E-25
3182.242  2.60E-25  2.60E-25
3183.378  2.67E-25  2.67E-25
3184.513  2.52E-25  2.52E-25
3185.649  2.52E-25  2.52E-25
3186.784  2.75E-25  2.75E-25
3187.918  2.64E-25  2.64E-25
3189.053  2.80E-25  2.80E-25
3190.187  2.82E-25  2.82E-25
3191.321  2.82E-25  2.82E-25
3192.455  2.53E-25  2.53E-25
3193.589  2.36E-25  2.36E-25
3194.722  2.59E-25  2.59E-25
3195.855  2.45E-25  2.45E-25
3196.988  2.66E-25  2.66E-25
3198.121  2.68E-25  2.68E-25
3199.253  2.76E-25  2.76E-25
3200.386  2.46E-25  2.46E-25
3201.518  2.56E-25  2.56E-25
3202.65  2.45E-25  2.45E-25
3203.781  2.44E-25  2.44E-25
3204.912  2.42E-25  2.42E-25
3206.044  2.77E-25  2.77E-25
3207.174  2.73E-25  2.73E-25
3208.305  2.83E-25  2.83E-25
3209.436  2.79E-25  2.79E-25
3210.566  2.49E-25  2.49E-25
3211.696  2.67E-25  2.67E-25
3212.825  2.54E-25  2.54E-25
3213.955  2.29E-25  2.29E-25
3215.084  2.39E-25  2.39E-25
3216.213  2.56E-25  2.56E-25
3217.342  2.54E-25  2.54E-25
3218.471  2.63E-25  2.63E-25
3219.599  2.58E-25  2.58E-25
3220.727  2.48E-25  2.48E-25
3221.855  2.62E-25  2.62E-25
3222.983  2.53E-25  2.53E-25
3224.11  2.36E-25  2.36E-25
3225.237  2.33E-25  2.33E-25
3226.364  2.62E-25  2.62E-25
3227.491  2.48E-25  2.48E-25
3228.618  2.75E-25  2.75E-25
3229.744  2.63E-25  2.63E-25
3230.87  2.59E-25  2.59E-25
3231.996  2.46E-25  2.46E-25
3233.121  2.72E-25  2.72E-25
3234.247  2.90E-25  2.90E-25
3235.372  2.80E-25  2.80E-25
3236.497  2.45E-25  2.45E-25
3237.621  2.64E-25  2.64E-25
3238.746  2.76E-25  2.76E-25
3239.87  2.57E-25  2.57E-25
3240.994  2.71E-25  2.71E-25
3242.118  2.31E-25  2.31E-25
3243.241  2.59E-25  2.59E-25
3244.365  2.68E-25  2.68E-25
3245.488  2.65E-25  2.65E-25
3246.61  2.83E-25  2.83E-25
3247.733  2.53E-25  2.53E-25
3248.855  2.46E-25  2.46E-25
3249.978  2.31E-25  2.31E-25
3251.099  2.30E-25  2.30E-25
3252.221  2.48E-25  2.48E-25
3253.343  2.38E-25  2.38E-25
3254.464  2.35E-25  2.35E-25
3255.585  2.26E-25  2.26E-25
3256.705  2.42E-25  2.42E-25
3257.826  2.42E-25  2.42E-25
3258.946  2.29E-25  2.29E-25
3260.066  2.23E-25  2.23E-25
3261.186  2.21E-25  2.21E-25
3262.306  1.91E-25  1.91E-25
3263.425  1.75E-25  1.75E-25
3264.544  1.87E-25  1.87E-25
3265.663  2.31E-25  2.31E-25
3266.782  2.23E-25  2.23E-25
3267.9  2.25E-25  2.25E-25
3269.018  2.43E-25  2.43E-25
3270.136  2.34E-25  2.34E-25
3271.254  2.46E-25  2.46E-25
3272.372  2.07E-25  2.07E-25
3273.489  2.35E-25  2.35E-25
3274.606  2.60E-25  2.60E-25
3275.723  2.42E-25  2.42E-25
3276.84  2.35E-25  2.35E-25
3277.956  2.25E-25  2.25E-25
3279.072  2.38E-25  2.38E-25
3280.188  2.66E-25  2.66E-25
3281.304  2.50E-25  2.50E-25
3282.419  2.21E-25  2.21E-25
3283.534  2.24E-25  2.24E-25
3284.649  2.11E-25  2.11E-25
3285.764  2.24E-25  2.24E-25
3286.879  2.40E-25  2.40E-25
3287.993  2.35E-25  2.35E-25
3289.107  2.44E-25  2.44E-25
3290.221  2.26E-25  2.26E-25
3291.335  2.30E-25  2.30E-25
3292.448  2.24E-25  2.24E-25
3293.561  2.45E-25  2.45E-25
3294.674  2.41E-25  2.41E-25
3295.787  2.26E-25  2.26E-25
3296.9  2.23E-25  2.23E-25
3298.012  2.34E-25  2.34E-25
3299.124  2.60E-25  2.60E-25
3300.236  2.42E-25  2.42E-25
3301.348  2.14E-25  2.14E-25
3302.459  2.41E-25  2.41E-25
3303.57  2.67E-25  2.67E-25
3304.681  2.47E-25  2.47E-25
3305.792  2.30E-25  2.30E-25
3306.902  1.95E-25  1.95E-25
3308.013  2.19E-25  2.19E-25
3309.123  2.32E-25  2.32E-25
3310.232  2.23E-25  2.23E-25
3311.342  2.30E-25  2.30E-25
3312.451  2.23E-25  2.23E-25
3313.561  2.35E-25  2.35E-25
3314.67  2.13E-25  2.13E-25
3315.778  2.32E-25  2.32E-25
3316.887  2.47E-25  2.47E-25
3317.995  2.21E-25  2.21E-25
3319.103  2.26E-25  2.26E-25
3320.211  2.49E-25  2.49E-25
3321.319  2.60E-25  2.60E-25
3322.426  2.31E-25  2.31E-25
3323.533  2.38E-25  2.38E-25
3324.64  2.33E-25  2.33E-25
3325.747  1.99E-25  1.99E-25
3326.853  2.21E-25  2.21E-25
3327.96  2.33E-25  2.33E-25
3329.066  2.16E-25  2.16E-25
3330.172  2.16E-25  2.16E-25
3331.277  2.13E-25  2.13E-25
3332.383  2.24E-25  2.24E-25
3333.488  2.16E-25  2.16E-25
3334.593  2.32E-25  2.32E-25
3335.698  2.25E-25  2.25E-25
3336.802  2.41E-25  2.41E-25
3337.907  2.23E-25  2.23E-25
3339.011  2.61E-25  2.61E-25
3340.115  2.42E-25  2.42E-25
3341.219  2.17E-25  2.17E-25
3342.322  2.33E-25  2.33E-25
3343.425  2.42E-25  2.42E-25
3344.529  2.45E-25  2.45E-25
3345.631  2.58E-25  2.58E-25
3346.734  2.42E-25  2.42E-25
3347.836  2.32E-25  2.32E-25
3348.939  2.53E-25  2.53E-25
3350.041  2.18E-25  2.18E-25
3351.143  2.36E-25  2.36E-25
3352.244  2.20E-25  2.20E-25
3353.346  2.02E-25  2.02E-25
3354.447  2.20E-25  2.20E-25
3355.548  2.17E-25  2.17E-25
3356.648  2.11E-25  2.11E-25
3357.749  1.98E-25  1.98E-25
3358.849  1.90E-25  1.90E-25
3359.949  2.15E-25  2.15E-25
3361.049  2.28E-25  2.28E-25
3362.149  2.19E-25  2.19E-25
3363.249  2.14E-25  2.14E-25
3364.348  2.23E-25  2.23E-25
3365.447  2.39E-25  2.39E-25
3366.546  2.27E-25  2.27E-25
3367.645  2.31E-25  2.31E-25
3368.743  2.22E-25  2.22E-25
3369.841  2.22E-25  2.22E-25
3370.94  2.54E-25  2.54E-25
3372.037  2.49E-25  2.49E-25
3373.135  2.31E-25  2.31E-25
3374.233  2.55E-25  2.55E-25
3375.33  2.28E-25  2.28E-25
3376.427  1.98E-25  1.98E-25
3377.524  2.23E-25  2.23E-25
3378.62  2.50E-25  2.50E-25
3379.717  2.33E-25  2.33E-25
3380.813  2.13E-25  2.13E-25
3381.909  2.00E-25  2.00E-25
3383.005  2.11E-25  2.11E-25
3384.101  2.13E-25  2.13E-25
3385.196  1.83E-25  1.83E-25
3386.292  1.83E-25  1.83E-25
3387.387  1.97E-25  1.97E-25
3388.482  1.68E-25  1.68E-25
3389.576  2.05E-25  2.05E-25
3390.671  1.81E-25  1.81E-25
3391.765  1.86E-25  1.86E-25
3392.859  1.65E-25  1.65E-25
3393.953  1.80E-25  1.80E-25
3395.047  1.94E-25  1.94E-25
3396.14  1.86E-25  1.86E-25
3397.234  1.86E-25  1.86E-25
3398.327  2.23E-25  2.23E-25
3399.42  1.96E-25  1.96E-25
3400.512  1.97E-25  1.97E-25
3401.605  2.01E-25  2.01E-25
3402.697  1.55E-25  1.55E-25
3403.79  2.04E-25  2.04E-25
3404.882  2.24E-25  2.24E-25
3405.973  2.11E-25  2.11E-25
3407.065  2.01E-25  2.01E-25
3408.156  1.93E-25  1.93E-25
3409.248  1.94E-25  1.94E-25
3410.339  2.04E-25  2.04E-25
3411.43  1.85E-25  1.85E-25
3412.52  1.50E-25  1.50E-25
3413.611  2.06E-25  2.06E-25
3414.701  2.02E-25  2.02E-25
3415.791  1.93E-25  1.93E-25
3416.881  1.73E-25  1.73E-25
3417.971  1.76E-25  1.76E-25
3419.061  1.92E-25  1.92E-25
3420.15  1.78E-25  1.78E-25
3421.239  1.93E-25  1.93E-25
3422.328  1.82E-25  1.82E-25
3423.417  2.14E-25  2.14E-25
3424.506  1.90E-25  1.90E-25
3425.594  1.82E-25  1.82E-25
3426.683  1.91E-25  1.91E-25
3427.771  1.82E-25  1.82E-25
3428.859  1.74E-25  1.74E-25
3429.947  1.84E-25  1.84E-25
3431.034  2.04E-25  2.04E-25
3432.122  1.90E-25  1.90E-25
3433.209  1.61E-25  1.61E-25
3434.296  1.80E-25  1.80E-25
3435.383  2.27E-25  2.27E-25
3436.47  2.05E-25  2.05E-25
3437.556  1.90E-25  1.90E-25
3438.643  2.30E-25  2.30E-25
3439.729  2.05E-25  2.05E-25
3440.815  2.04E-25  2.04E-25
3441.901  2.07E-25  2.07E-25
3442.987  2.17E-25  2.17E-25
3444.072  2.08E-25  2.08E-25
3445.158  1.79E-25  1.79E-25
3446.243  1.88E-25  1.88E-25
3447.328  2.12E-25  2.12E-25
3448.413  1.80E-25  1.80E-25
3449.498  1.56E-25  1.56E-25
3450.582  2.01E-25  2.01E-25
3451.666  2.00E-25  2.00E-25
3452.751  1.86E-25  1.86E-25
3453.835  1.94E-25  1.94E-25
3454.919  1.71E-25  1.71E-25
3456.002  2.22E-25  2.22E-25
3457.086  1.91E-25  1.91E-25
3458.169  1.70E-25  1.70E-25
3459.253  2.03E-25  2.03E-25
3460.336  1.89E-25  1.89E-25
3461.419  1.42E-25  1.42E-25
3462.501  1.79E-25  1.79E-25
3463.584  1.46E-25  1.46E-25
3464.666  1.39E-25  1.39E-25
3465.749  1.41E-25  1.41E-25
3466.831  1.92E-25  1.92E-25
3467.913  1.71E-25  1.71E-25
3468.995  1.69E-25  1.69E-25
3470.076  1.43E-25  1.43E-25
3471.158  1.74E-25  1.74E-25
3472.239  1.58E-25  1.58E-25
3473.32  1.77E-25  1.77E-25
3474.401  1.85E-25  1.85E-25
3475.482  1.93E-25  1.93E-25
3476.563  1.97E-25  1.97E-25
3477.644  1.86E-25  1.86E-25
3478.724  1.79E-25  1.79E-25
3479.805  1.99E-25  1.99E-25
3480.885  1.56E-25  1.56E-25
3481.965  1.36E-25  1.36E-25
3483.045  1.46E-25  1.46E-25
3484.124  1.50E-25  1.50E-25
3485.204  1.36E-25  1.36E-25
3486.283  1.62E-25  1.62E-25
3487.363  1.72E-25  1.72E-25
3488.442  1.71E-25  1.71E-25
3489.521  1.49E-25  1.49E-25
3490.599  1.28E-25  1.28E-25
3491.678  1.77E-25  1.77E-25
3492.757  1.83E-25  1.83E-25
3493.835  1.67E-25  1.67E-25
3494.913  1.50E-25  1.50E-25
3495.992  1.57E-25  1.57E-25
3497.07  1.34E-25  1.34E-25
3498.147  1.71E-25  1.71E-25
3499.225  1.68E-25  1.68E-25
3500.303  1.56E-25  1.56E-25
3501.38  2.02E-25  2.02E-25
3502.458  1.32E-25  1.32E-25
3503.535  1.90E-25  1.90E-25
3504.612  1.77E-25  1.77E-25
3505.689  1.66E-25  1.66E-25
3506.765  1.16E-25  1.16E-25
3507.842  1.58E-25  1.58E-25
3508.919  1.83E-25  1.83E-25
3509.995  1.62E-25  1.62E-25
3511.071  1.61E-25  1.61E-25
3512.147  1.49E-25  1.49E-25
3513.223  1.58E-25  1.58E-25
3514.299  1.32E-25  1.32E-25
3515.375  1.60E-25  1.60E-25
3516.451  1.55E-25  1.55E-25
3517.526  1.86E-25  1.86E-25
3518.601  1.27E-25  1.27E-25
3519.677  1.70E-25  1.70E-25
3520.752  1.81E-25  1.81E-25
3521.827  1.59E-25  1.59E-25
3522.901  1.89E-25  1.89E-25
3523.976  1.63E-25  1.63E-25
3525.051  1.36E-25  1.36E-25
3526.125  1.17E-25  1.17E-25
3527.2  1.52E-25  1.52E-25
3528.274  1.43E-25  1.43E-25
3529.348  1.67E-25  1.67E-25
3530.422  1.38E-25  1.38E-25
3531.496  1.43E-25  1.43E-25
3532.57  1.27E-25  1.27E-25
3533.643  1.49E-25  1.49E-25
3534.717  1.58E-25  1.58E-25
3535.79  1.40E-25  1.40E-25
3536.864  1.42E-25  1.42E-25
3537.937  1.40E-25  1.40E-25
3539.01  1.54E-25  1.54E-25
3540.083  1.87E-25  1.87E-25
3541.156  1.47E-25  1.47E-25
3542.228  1.40E-25  1.40E-25
3543.301  1.16E-25  1.16E-25
3544.374  1.26E-25  1.26E-25
3545.446  1.26E-25  1.26E-25
3546.518  1.53E-25  1.53E-25
3547.591  1.52E-25  1.52E-25
3548.663  1.39E-25  1.39E-25
3549.735  1.20E-25  1.20E-25
3550.806  1.08E-25  1.08E-25
3551.878  1.50E-25  1.50E-25
3552.95  1.28E-25  1.28E-25
3554.021  1.44E-25  1.44E-25
3555.093  1.19E-25  1.19E-25
3556.164  1.19E-25  1.19E-25
3557.236  1.36E-25  1.36E-25
3558.307  1.52E-25  1.52E-25
3559.378  1.97E-25  1.97E-25
3560.449  1.14E-25  1.14E-25
3561.52  1.50E-25  1.50E-25
3562.59  1.25E-25  1.25E-25
3563.661  1.33E-25  1.33E-25
3564.731  1.42E-25  1.42E-25
3565.802  1.33E-25  1.33E-25
3566.872  1.35E-25  1.35E-25
3567.943  1.19E-25  1.19E-25
3569.013  1.32E-25  1.32E-25
3570.083  1.41E-25  1.41E-25
3571.153  1.14E-25  1.14E-25
3572.223  1.05E-25  1.05E-25
3573.292  1.35E-25  1.35E-25
3574.362  1.45E-25  1.45E-25
3575.432  8.88E-26  8.88E-26
3576.501  9.66E-26  9.66E-26
3577.571  1.16E-25  1.16E-25
3578.64  1.26E-25  1.26E-25
3579.709  1.09E-25  1.09E-25
3580.778  1.65E-25  1.65E-25
3581.848  1.64E-25  1.64E-25
3582.917  1.49E-25  1.49E-25
3583.985  1.13E-25  1.13E-25
3585.054  1.29E-25  1.29E-25
3586.123  1.38E-25  1.38E-25
3587.192  1.77E-25  1.77E-25
3588.26  1.42E-25  1.42E-25
3589.329  1.51E-25  1.51E-25
3590.397  1.64E-25  1.64E-25
3591.465  1.37E-25  1.37E-25
3592.534  1.46E-25  1.46E-25
3593.602  1.07E-25  1.07E-25
3594.67  1.30E-25  1.30E-25
3595.738  1.42E-25  1.42E-25
3596.806  1.47E-25  1.47E-25
3597.874  1.68E-25  1.68E-25
3598.942  2.05E-25  2.05E-25
3600.009  1.56E-25  1.56E-25
3601.077  1.66E-25  1.66E-25
3602.144  1.46E-25  1.46E-25
3603.212  1.44E-25  1.44E-25
3604.279  1.72E-25  1.72E-25
3605.347  1.62E-25  1.62E-25
3606.414  1.31E-25  1.31E-25
3607.481  1.73E-25  1.73E-25
3608.548  1.62E-25  1.62E-25
3609.615  1.54E-25  1.54E-25
3610.682  1.32E-25  1.32E-25
3611.749  1.33E-25  1.33E-25
3612.816  1.29E-25  1.29E-25
3613.883  1.34E-25  1.34E-25
3614.95  1.10E-25  1.10E-25
3616.016  1.10E-25  1.10E-25
3617.083  1.18E-25  1.18E-25
3618.149  1.50E-25  1.50E-25
3619.216  1.09E-25  1.09E-25
3620.282  1.45E-25  1.45E-25
3621.348  1.16E-25  1.16E-25
3622.415  1.24E-25  1.24E-25
3623.481  1.12E-25  1.12E-25
3624.547  1.11E-25  1.11E-25
3625.613  1.20E-25  1.20E-25
3626.679  1.34E-25  1.34E-25
3627.745  9.86E-26  9.86E-26
3628.811  1.15E-25  1.15E-25
3629.877  1.20E-25  1.20E-25
3630.943  1.30E-25  1.30E-25
3632.008  1.33E-25  1.33E-25
3633.074  1.47E-25  1.47E-25
3634.14  1.29E-25  1.29E-25
3635.205  1.16E-25  1.16E-25
3636.271  1.10E-25  1.10E-25
3637.336  1.33E-25  1.33E-25
3638.402  1.17E-25  1.17E-25
3639.467  1.17E-25  1.17E-25
3640.532  1.43E-25  1.43E-25
3641.597  1.19E-25  1.19E-25
3642.663  1.33E-25  1.33E-25
3643.728  8.67E-26  8.67E-26
3644.793  1.06E-25  1.06E-25
3645.858  1.02E-25  1.02E-25
3646.923  1.16E-25  1.16E-25
3647.988  1.45E-25  1.45E-25
3649.053  1.26E-25  1.26E-25
3650.118  1.02E-25  1.02E-25
3651.183  1.09E-25  1.09E-25
3652.247  1.01E-25  1.01E-25
3653.312  1.07E-25  1.07E-25
3654.377  7.71E-26  7.71E-26
3655.441  4.57E-26  4.57E-26
3656.506  4.45E-26  4.45E-26
3657.571  6.28E-26  6.28E-26
3658.635  8.69E-26  8.69E-26
3659.7  9.14E-26  9.14E-26
3660.764  9.76E-26  9.76E-26
3661.828  1.08E-25  1.08E-25
3662.893  1.09E-25  1.09E-25
3663.957  1.25E-25  1.25E-25
3665.021  1.04E-25  1.04E-25
3666.086  1.10E-25  1.10E-25
3667.15  9.48E-26  9.48E-26
3668.214  8.09E-26  8.09E-26
3669.278  1.33E-25  1.33E-25
3670.342  7.51E-26  7.51E-26
3671.406  8.13E-26  8.13E-26
3672.47  8.28E-26  8.28E-26
3673.534  9.37E-26  9.37E-26
3674.598  6.52E-26  6.52E-26
3675.662  7.97E-26  7.97E-26
3676.726  1.01E-25  1.01E-25
3677.79  6.79E-26  6.79E-26
3678.854  7.33E-26  7.33E-26
3679.918  9.14E-26  9.14E-26
3680.982  8.70E-26  8.70E-26
3682.045  1.17E-25  1.17E-25
3683.109  1.00E-25  1.00E-25
3684.173  9.63E-26  9.63E-26
3685.236  1.05E-25  1.05E-25
3686.3  8.70E-26  8.70E-26
3687.364  7.08E-26  7.08E-26
3688.427  6.88E-26  6.88E-26
3689.491  9.28E-26  9.28E-26
3690.554  7.88E-26  7.88E-26
3691.618  1.06E-25  1.06E-25
3692.681  6.57E-26  6.57E-26
3693.745  7.68E-26  7.68E-26
3694.808  1.18E-25  1.18E-25
3695.872  8.34E-26  8.34E-26
3696.935  7.59E-26  7.59E-26
3697.999  5.90E-26  5.90E-26
3699.062  7.49E-26  7.49E-26
3700.125  9.31E-26  9.31E-26
3701.189  8.13E-26  8.13E-26
3702.252  6.57E-26  6.57E-26
3703.315  1.04E-25  1.04E-25
3704.379  9.11E-26  9.11E-26
3705.442  8.22E-26  8.22E-26
3706.505  9.50E-26  9.50E-26
3707.569  6.71E-26  6.71E-26
3708.632  9.55E-26  9.55E-26
3709.695  8.97E-26  8.97E-26
3710.758  1.16E-25  1.16E-25
3711.821  8.32E-26  8.32E-26
3712.885  7.10E-26  7.10E-26
3713.948  8.54E-26  8.54E-26
3715.011  8.22E-26  8.22E-26
3716.074  6.76E-26  6.76E-26
3717.137  3.15E-26  3.15E-26
3718.2  6.23E-26  6.23E-26
3719.263  3.41E-26  3.41E-26
3720.326  4.24E-26  4.24E-26
3721.39  3.06E-26  3.06E-26
3722.453  4.50E-26  4.50E-26
3723.516  7.99E-26  7.99E-26
3724.579  4.03E-26  4.03E-26
3725.642  4.13E-26  4.13E-26
3726.705  7.63E-26  7.63E-26
3727.768  6.89E-26  6.89E-26
3728.831  4.60E-26  4.60E-26
3729.894  6.70E-26  6.70E-26
3730.957  5.86E-26  5.86E-26
3732.02  1.08E-25  1.08E-25
3733.083  7.09E-26  7.09E-26
3734.146  9.76E-26  9.76E-26
3735.209  9.54E-26  9.54E-26
3736.272  9.13E-26  9.13E-26
3737.335  1.05E-25  1.05E-25
3738.398  7.95E-26  7.95E-26
3739.461  6.79E-26  6.79E-26
3740.524  7.76E-26  7.76E-26
3741.587  1.05E-25  1.05E-25
3742.65  5.35E-26  5.35E-26
3743.713  4.47E-26  4.47E-26
3744.776  5.29E-26  5.29E-26
3745.839  8.13E-26  8.13E-26
3746.902  6.38E-26  6.38E-26
3747.965  8.76E-26  8.76E-26
3749.028  7.38E-26  7.38E-26
3750.091  8.60E-26  8.60E-26
3751.154  7.25E-26  7.25E-26
3752.217  4.18E-26  4.18E-26
3753.28  4.73E-26  4.73E-26
3754.343  4.51E-26  4.51E-26
3755.406  7.23E-26  7.23E-26
3756.469  6.68E-26  6.68E-26
3757.532  9.09E-26  9.09E-26
3758.595  6.85E-26  6.85E-26
3759.659  2.20E-26  2.20E-26
3760.722  7.20E-26  7.20E-26
3761.785  1.04E-25  1.04E-25
3762.848  6.76E-26  6.76E-26
3763.911  7.47E-26  7.47E-26
3764.974  6.69E-26  6.69E-26
3766.037  6.70E-26  6.70E-26
3767.1  4.28E-26  4.28E-26
3768.163  8.45E-26  8.45E-26
3769.226  6.71E-26  6.71E-26
3770.29  1.39E-26  1.39E-26
3771.353  4.07E-26  4.07E-26
3772.416  7.45E-26  7.45E-26
3773.479  8.39E-26  8.39E-26
3774.542  7.32E-26  7.32E-26
3775.605  1.00E-25  1.00E-25
3776.669  1.15E-25  1.15E-25
3777.732  8.08E-26  8.08E-26
3778.795  4.96E-26  4.96E-26
3779.858  8.38E-26  8.38E-26
3780.922  7.88E-26  7.88E-26
3781.985  9.68E-26  9.68E-26
3783.048  7.76E-26  7.76E-26
3784.112  7.22E-26  7.22E-26
3785.175  6.35E-26  6.35E-26
3786.238  5.71E-26  5.71E-26
3787.302  4.16E-26  4.16E-26
3788.365  5.92E-26  5.92E-26
3789.428  5.29E-26  5.29E-26
3790.492  4.68E-26  4.68E-26
3791.555  7.35E-26  7.35E-26
3792.619  7.67E-26  7.67E-26
3793.682  3.45E-26  3.45E-26
3794.746  1.30E-26  1.30E-26
3795.809  2.88E-26  2.88E-26
3796.872  6.57E-27  6.57E-27
3797.936  4.12E-26  4.12E-26
3799  5.07E-26  5.07E-26
3800.063  3.55E-26  3.55E-26
3801.127  3.67E-26  3.67E-26
3802.19  6.95E-26  6.95E-26
3803.254  1.03E-25  1.03E-25
3804.318  5.43E-26  5.43E-26
3805.381  7.31E-26  7.31E-26
3806.445  3.55E-26  3.55E-26
3807.509  6.92E-26  6.92E-26
3808.572  8.05E-26  8.05E-26
3809.636  4.49E-26  4.49E-26
3810.7  4.24E-26  4.24E-26
3811.764  5.75E-26  5.75E-26
3812.827  8.45E-26  8.45E-26
3813.891  3.86E-26  3.86E-26
3814.955  1.42E-26  1.42E-26
3816.019  1.35E-26  1.35E-26
3817.083  3.40E-26  3.40E-26
3818.147  6.05E-26  6.05E-26
3819.211  3.52E-26  3.52E-26
3820.275  1.78E-26  1.78E-26
3821.339  4.86E-26  4.86E-26
3822.403  5.30E-26  5.30E-26
3823.467  5.15E-26  5.15E-26
3824.531  7.08E-26  7.08E-26
3825.595  5.51E-26  5.51E-26
3826.659  3.98E-26  3.98E-26
3827.723  3.78E-26  3.78E-26
3828.787  7.61E-26  7.61E-26
3829.851  4.47E-26  4.47E-26
3830.916  2.61E-26  2.61E-26
3831.98  5.44E-26  5.44E-26
3833.044  3.85E-26  3.85E-26
3834.108  5.44E-27  5.44E-27
3835.173  5.51E-26  5.51E-26
3836.237  3.52E-26  3.52E-26
3837.301  7.14E-26  7.14E-26
3838.366  5.73E-26  5.73E-26
3839.43  5.55E-26  5.55E-26
3840.495  5.25E-26  5.25E-26
3841.559  4.54E-26  4.54E-26
3842.623  3.89E-26  3.89E-26
3843.688  9.39E-27  9.39E-27
3844.753  2.77E-26  2.77E-26
3845.817  1.62E-26  1.62E-26
3846.882  4.17E-26  4.17E-26
3847.946  3.71E-26  3.71E-26
3849.011  5.28E-26  5.28E-26
3850.076  4.25E-26  4.25E-26
3851.14  4.45E-26  4.45E-26
3852.205  8.27E-26  8.27E-26
3853.27  7.38E-26  7.38E-26
3854.334  1.50E-26  1.50E-26
3855.399  1.34E-26  1.34E-26
3856.464  -2.04E-27  -2.04E-27
3857.529  6.66E-26  6.66E-26
3858.594  3.41E-26  3.41E-26
3859.659  2.68E-26  2.68E-26
3860.724  5.23E-26  5.23E-26
3861.789  3.50E-26  3.50E-26
3862.854  1.51E-26  1.51E-26
3863.919  8.95E-26  8.95E-26
3864.984  6.62E-26  6.62E-26
3866.049  1.00E-25  1.00E-25
3867.114  7.06E-26  7.06E-26
3868.179  5.53E-26  5.53E-26
3869.244  4.23E-26  4.23E-26
3870.309  4.47E-26  4.47E-26
3871.374  4.03E-26  4.03E-26
3872.44  6.89E-26  6.89E-26
3873.505  6.56E-26  6.56E-26
3874.57  3.19E-26  3.19E-26
3875.636  2.81E-26  2.81E-26
3876.701  6.31E-26  6.31E-26
3877.766  3.55E-26  3.55E-26
3878.832  3.12E-26  3.12E-26
3879.897  4.71E-26  4.71E-26
3880.963  4.67E-26  4.67E-26
3882.028  6.17E-26  6.17E-26
3883.093  6.87E-26  6.87E-26
3884.159  6.52E-26  6.52E-26
3885.225  3.20E-26  3.20E-26
3886.29  2.36E-26  2.36E-26
3887.356  1.49E-26  1.49E-26
3888.421  4.67E-26  4.67E-26
3889.487  4.20E-26  4.20E-26
3890.553  1.27E-26  1.27E-26
