0          References for Cross Section of 34S36SO        
           Frandsen et al., 2020 (S2O-No isotope)   
0 Branching ratio for 34S36SO       Total        2 branches
Lambda  Total   34S/36SO   36S/34SO
2196.7  2.920E-21  1.460E-21  1.460E-21
2198.7  2.690E-21  1.345E-21  1.345E-21
2200.6  2.480E-21  1.240E-21  1.240E-21
2202.6  2.280E-21  1.140E-21  1.140E-21
2204.5  2.090E-21  1.045E-21  1.045E-21
2206.5  1.900E-21  9.500E-22  9.500E-22
2208.4  1.730E-21  8.650E-22  8.650E-22
2210.4  1.570E-21  7.850E-22  7.850E-22
2212.4  1.420E-21  7.100E-22  7.100E-22
2214.4  1.280E-21  6.400E-22  6.400E-22
2216.3  1.160E-21  5.800E-22  5.800E-22
2218.3  1.040E-21  5.200E-22  5.200E-22
2220.3  9.360E-22  4.680E-22  4.680E-22
2222.3  8.420E-22  4.210E-22  4.210E-22
2224.3  7.580E-22  3.790E-22  3.790E-22
2226.3  6.830E-22  3.415E-22  3.415E-22
2228.3  6.180E-22  3.090E-22  3.090E-22
2230.3  5.600E-22  2.800E-22  2.800E-22
2232.3  5.100E-22  2.550E-22  2.550E-22
2234.3  4.660E-22  2.330E-22  2.330E-22
2236.3  4.270E-22  2.135E-22  2.135E-22
2238.3  3.930E-22  1.965E-22  1.965E-22
2240.4  3.630E-22  1.815E-22  1.815E-22
2242.4  3.360E-22  1.680E-22  1.680E-22
2244.4  3.110E-22  1.555E-22  1.555E-22
2246.5  2.880E-22  1.440E-22  1.440E-22
2248.5  2.660E-22  1.330E-22  1.330E-22
2250.5  2.460E-22  1.230E-22  1.230E-22
2252.6  2.260E-22  1.130E-22  1.130E-22
2254.6  2.080E-22  1.040E-22  1.040E-22
2256.7  1.890E-22  9.450E-23  9.450E-23
2258.7  1.720E-22  8.600E-23  8.600E-23
2260.8  1.550E-22  7.750E-23  7.750E-23
2262.9  1.380E-22  6.900E-23  6.900E-23
2264.9  1.230E-22  6.150E-23  6.150E-23
2267  1.080E-22  5.400E-23  5.400E-23
2269.1  9.500E-23  4.750E-23  4.750E-23
2271.1  8.200E-23  4.100E-23  4.100E-23
2273.2  7.000E-23  3.500E-23  3.500E-23
2275.3  6.000E-23  3.000E-23  3.000E-23
2277.4  5.000E-23  2.500E-23  2.500E-23
2279.5  4.200E-23  2.100E-23  2.100E-23
2281.6  3.500E-23  1.750E-23  1.750E-23
2283.7  2.900E-23  1.450E-23  1.450E-23
2285.8  2.300E-23  1.150E-23  1.150E-23
2287.9  1.900E-23  9.500E-24  9.500E-24
2290  1.500E-23  7.500E-24  7.500E-24
2292.1  1.200E-23  6.000E-24  6.000E-24
2294.3  9.000E-24  4.500E-24  4.500E-24
2296.4  7.000E-24  3.500E-24  3.500E-24
2298.5  5.000E-24  2.500E-24  2.500E-24
2300.6  4.000E-24  2.000E-24  2.000E-24
2302.8  3.000E-24  1.500E-24  1.500E-24
2304.9  2.000E-24  1.000E-24  1.000E-24
2307.1  2.000E-24  1.000E-24  1.000E-24
2309.2  1.000E-24  5.000E-25  5.000E-25
2311.4  1.000E-24  5.000E-25  5.000E-25
2313.5  1.000E-24  5.000E-25  5.000E-25
2315.7  1.000E-24  5.000E-25  5.000E-25
2317.9  1.000E-24  5.000E-25  5.000E-25
2320  2.000E-24  1.000E-24  1.000E-24
2322.2  2.000E-24  1.000E-24  1.000E-24
2324.4  3.000E-24  1.500E-24  1.500E-24
2326.6  5.000E-24  2.500E-24  2.500E-24
2328.7  8.000E-24  4.000E-24  4.000E-24
2330.9  1.200E-23  6.000E-24  6.000E-24
2333.1  1.700E-23  8.500E-24  8.500E-24
2335.3  2.600E-23  1.300E-23  1.300E-23
2337.5  3.800E-23  1.900E-23  1.900E-23
2339.7  5.400E-23  2.700E-23  2.700E-23
2341.9  7.800E-23  3.900E-23  3.900E-23
2344.1  1.100E-22  5.500E-23  5.500E-23
2346.4  1.550E-22  7.750E-23  7.750E-23
2348.6  2.160E-22  1.080E-22  1.080E-22
2350.8  2.970E-22  1.485E-22  1.485E-22
2353  4.050E-22  2.025E-22  2.025E-22
2355.3  5.480E-22  2.740E-22  2.740E-22
2357.5  7.330E-22  3.665E-22  3.665E-22
2359.8  9.710E-22  4.855E-22  4.855E-22
2362  1.270E-21  6.350E-22  6.350E-22
2364.3  1.660E-21  8.300E-22  8.300E-22
2366.5  2.130E-21  1.065E-21  1.065E-21
2368.8  2.720E-21  1.360E-21  1.360E-21
2371  3.440E-21  1.720E-21  1.720E-21
2373.3  4.310E-21  2.155E-21  2.155E-21
2375.6  5.350E-21  2.675E-21  2.675E-21
2377.9  6.580E-21  3.290E-21  3.290E-21
2380.1  8.030E-21  4.015E-21  4.015E-21
2382.4  9.710E-21  4.855E-21  4.855E-21
2384.7  1.160E-20  5.800E-21  5.800E-21
2387  1.380E-20  6.900E-21  6.900E-21
2389.3  1.630E-20  8.150E-21  8.150E-21
2391.6  1.910E-20  9.550E-21  9.550E-21
2393.9  2.220E-20  1.110E-20  1.110E-20
2396.2  2.570E-20  1.285E-20  1.285E-20
2398.6  2.940E-20  1.470E-20  1.470E-20
2400.9  3.350E-20  1.675E-20  1.675E-20
2403.2  3.800E-20  1.900E-20  1.900E-20
2405.5  4.280E-20  2.140E-20  2.140E-20
2407.9  4.790E-20  2.395E-20  2.395E-20
2410.2  5.350E-20  2.675E-20  2.675E-20
2412.6  5.940E-20  2.970E-20  2.970E-20
2414.9  6.580E-20  3.290E-20  3.290E-20
2417.3  7.250E-20  3.625E-20  3.625E-20
2419.6  7.980E-20  3.990E-20  3.990E-20
2422  8.750E-20  4.375E-20  4.375E-20
2424.4  9.570E-20  4.785E-20  4.785E-20
2426.7  1.040E-19  5.200E-20  5.200E-20
2429.1  1.140E-19  5.700E-20  5.700E-20
2431.5  1.240E-19  6.200E-20  6.200E-20
2433.9  1.340E-19  6.700E-20  6.700E-20
2436.3  1.460E-19  7.300E-20  7.300E-20
2438.7  1.570E-19  7.850E-20  7.850E-20
2441.1  1.700E-19  8.500E-20  8.500E-20
2443.5  1.830E-19  9.150E-20  9.150E-20
2445.9  1.980E-19  9.900E-20  9.900E-20
2448.3  2.120E-19  1.060E-19  1.060E-19
2450.7  2.280E-19  1.140E-19  1.140E-19
2453.1  2.450E-19  1.225E-19  1.225E-19
2455.6  2.620E-19  1.310E-19  1.310E-19
2458  2.800E-19  1.400E-19  1.400E-19
2460.4  3.000E-19  1.500E-19  1.500E-19
2462.9  3.200E-19  1.600E-19  1.600E-19
2465.3  3.420E-19  1.710E-19  1.710E-19
2467.8  3.660E-19  1.830E-19  1.830E-19
2470.2  3.910E-19  1.955E-19  1.955E-19
2472.7  4.170E-19  2.085E-19  2.085E-19
2475.2  4.460E-19  2.230E-19  2.230E-19
2477.7  4.760E-19  2.380E-19  2.380E-19
2480.1  5.090E-19  2.545E-19  2.545E-19
2482.6  5.440E-19  2.720E-19  2.720E-19
2485.1  5.810E-19  2.905E-19  2.905E-19
2487.6  6.210E-19  3.105E-19  3.105E-19
2490.1  6.640E-19  3.320E-19  3.320E-19
2492.6  7.100E-19  3.550E-19  3.550E-19
2495.1  7.590E-19  3.795E-19  3.795E-19
2497.6  8.110E-19  4.055E-19  4.055E-19
2500.1  8.660E-19  4.330E-19  4.330E-19
2502.7  9.250E-19  4.625E-19  4.625E-19
2505.2  9.880E-19  4.940E-19  4.940E-19
2507.7  1.050E-18  5.250E-19  5.250E-19
2510.3  1.120E-18  5.600E-19  5.600E-19
2512.8  1.200E-18  6.000E-19  6.000E-19
2515.4  1.280E-18  6.400E-19  6.400E-19
2517.9  1.360E-18  6.800E-19  6.800E-19
2520.5  1.440E-18  7.200E-19  7.200E-19
2523  1.530E-18  7.650E-19  7.650E-19
2525.6  1.630E-18  8.150E-19  8.150E-19
2528.2  1.720E-18  8.600E-19  8.600E-19
2530.8  1.830E-18  9.150E-19  9.150E-19
2533.3  1.930E-18  9.650E-19  9.650E-19
2535.9  2.040E-18  1.020E-18  1.020E-18
2538.5  2.150E-18  1.075E-18  1.075E-18
2541.1  2.260E-18  1.130E-18  1.130E-18
2543.7  2.370E-18  1.185E-18  1.185E-18
2546.3  2.480E-18  1.240E-18  1.240E-18
2549  2.590E-18  1.295E-18  1.295E-18
2551.6  2.700E-18  1.350E-18  1.350E-18
2554.2  2.810E-18  1.405E-18  1.405E-18
2556.8  2.910E-18  1.455E-18  1.455E-18
2559.5  3.020E-18  1.510E-18  1.510E-18
2562.1  3.120E-18  1.560E-18  1.560E-18
2564.8  3.210E-18  1.605E-18  1.605E-18
2567.4  3.310E-18  1.655E-18  1.655E-18
2570.1  3.400E-18  1.700E-18  1.700E-18
2572.8  3.490E-18  1.745E-18  1.745E-18
2575.4  3.580E-18  1.790E-18  1.790E-18
2578.1  3.680E-18  1.840E-18  1.840E-18
2580.8  3.770E-18  1.885E-18  1.885E-18
2583.5  3.870E-18  1.935E-18  1.935E-18
2586.2  3.970E-18  1.985E-18  1.985E-18
2588.9  4.080E-18  2.040E-18  2.040E-18
2591.6  4.200E-18  2.100E-18  2.100E-18
2594.3  4.330E-18  2.165E-18  2.165E-18
2597  4.470E-18  2.235E-18  2.235E-18
2599.7  4.630E-18  2.315E-18  2.315E-18
2602.5  4.800E-18  2.400E-18  2.400E-18
2605.2  4.990E-18  2.495E-18  2.495E-18
2607.9  5.200E-18  2.600E-18  2.600E-18
2610.7  5.420E-18  2.710E-18  2.710E-18
2613.4  5.660E-18  2.830E-18  2.830E-18
2616.2  5.920E-18  2.960E-18  2.960E-18
2619  6.190E-18  3.095E-18  3.095E-18
2621.7  6.480E-18  3.240E-18  3.240E-18
2624.5  6.780E-18  3.390E-18  3.390E-18
2627.3  7.090E-18  3.545E-18  3.545E-18
2630.1  7.410E-18  3.705E-18  3.705E-18
2632.9  7.730E-18  3.865E-18  3.865E-18
2635.7  8.060E-18  4.030E-18  4.030E-18
2638.5  8.390E-18  4.195E-18  4.195E-18
2641.3  8.720E-18  4.360E-18  4.360E-18
2644.1  9.050E-18  4.525E-18  4.525E-18
2646.9  9.370E-18  4.685E-18  4.685E-18
2649.7  9.680E-18  4.840E-18  4.840E-18
2652.6  9.980E-18  4.990E-18  4.990E-18
2655.4  1.030E-17  5.150E-18  5.150E-18
2658.3  1.060E-17  5.300E-18  5.300E-18
2661.1  1.080E-17  5.400E-18  5.400E-18
2664  1.110E-17  5.550E-18  5.550E-18
2666.8  1.130E-17  5.650E-18  5.650E-18
2669.7  1.160E-17  5.800E-18  5.800E-18
2672.6  1.180E-17  5.900E-18  5.900E-18
2675.5  1.200E-17  6.000E-18  6.000E-18
2678.4  1.220E-17  6.100E-18  6.100E-18
2681.3  1.250E-17  6.250E-18  6.250E-18
2684.2  1.270E-17  6.350E-18  6.350E-18
2687.1  1.290E-17  6.450E-18  6.450E-18
2690  1.310E-17  6.550E-18  6.550E-18
2692.9  1.330E-17  6.650E-18  6.650E-18
2695.8  1.350E-17  6.750E-18  6.750E-18
2698.8  1.370E-17  6.850E-18  6.850E-18
2701.7  1.390E-17  6.950E-18  6.950E-18
2704.7  1.410E-17  7.050E-18  7.050E-18
2707.6  1.430E-17  7.150E-18  7.150E-18
2710.6  1.450E-17  7.250E-18  7.250E-18
2713.5  1.470E-17  7.350E-18  7.350E-18
2716.5  1.490E-17  7.450E-18  7.450E-18
2719.5  1.510E-17  7.550E-18  7.550E-18
2722.5  1.520E-17  7.600E-18  7.600E-18
2725.5  1.540E-17  7.700E-18  7.700E-18
2728.5  1.560E-17  7.800E-18  7.800E-18
2731.5  1.570E-17  7.850E-18  7.850E-18
2734.5  1.590E-17  7.950E-18  7.950E-18
2737.5  1.600E-17  8.000E-18  8.000E-18
2740.5  1.620E-17  8.100E-18  8.100E-18
2743.6  1.630E-17  8.150E-18  8.150E-18
2746.6  1.650E-17  8.250E-18  8.250E-18
2749.6  1.660E-17  8.300E-18  8.300E-18
2752.7  1.670E-17  8.350E-18  8.350E-18
2755.8  1.680E-17  8.400E-18  8.400E-18
2758.8  1.690E-17  8.450E-18  8.450E-18
2761.9  1.700E-17  8.500E-18  8.500E-18
2765  1.710E-17  8.550E-18  8.550E-18
2768.1  1.720E-17  8.600E-18  8.600E-18
2771.2  1.730E-17  8.650E-18  8.650E-18
2774.3  1.740E-17  8.700E-18  8.700E-18
2777.4  1.750E-17  8.750E-18  8.750E-18
2780.5  1.760E-17  8.800E-18  8.800E-18
2783.6  1.770E-17  8.850E-18  8.850E-18
2786.7  1.780E-17  8.900E-18  8.900E-18
2789.9  1.780E-17  8.900E-18  8.900E-18
2793  1.790E-17  8.950E-18  8.950E-18
2796.2  1.790E-17  8.950E-18  8.950E-18
2799.3  1.800E-17  9.000E-18  9.000E-18
2802.5  1.800E-17  9.000E-18  9.000E-18
2805.6  1.800E-17  9.000E-18  9.000E-18
2808.8  1.800E-17  9.000E-18  9.000E-18
2812  1.800E-17  9.000E-18  9.000E-18
2815.2  1.800E-17  9.000E-18  9.000E-18
2818.4  1.790E-17  8.950E-18  8.950E-18
2821.6  1.790E-17  8.950E-18  8.950E-18
2824.8  1.780E-17  8.900E-18  8.900E-18
2828  1.770E-17  8.850E-18  8.850E-18
2831.3  1.760E-17  8.800E-18  8.800E-18
2834.5  1.750E-17  8.750E-18  8.750E-18
2837.8  1.740E-17  8.700E-18  8.700E-18
2841  1.720E-17  8.600E-18  8.600E-18
2844.3  1.710E-17  8.550E-18  8.550E-18
2847.5  1.700E-17  8.500E-18  8.500E-18
2850.8  1.680E-17  8.400E-18  8.400E-18
2854.1  1.670E-17  8.350E-18  8.350E-18
2857.4  1.650E-17  8.250E-18  8.250E-18
2860.7  1.640E-17  8.200E-18  8.200E-18
2864  1.620E-17  8.100E-18  8.100E-18
2867.3  1.610E-17  8.050E-18  8.050E-18
2870.6  1.590E-17  7.950E-18  7.950E-18
2873.9  1.570E-17  7.850E-18  7.850E-18
2877.3  1.560E-17  7.800E-18  7.800E-18
2880.6  1.540E-17  7.700E-18  7.700E-18
2884  1.520E-17  7.600E-18  7.600E-18
2887.3  1.510E-17  7.550E-18  7.550E-18
2890.7  1.490E-17  7.450E-18  7.450E-18
2894.1  1.470E-17  7.350E-18  7.350E-18
2897.4  1.450E-17  7.250E-18  7.250E-18
2900.8  1.440E-17  7.200E-18  7.200E-18
2904.2  1.420E-17  7.100E-18  7.100E-18
2907.6  1.400E-17  7.000E-18  7.000E-18
2911  1.380E-17  6.900E-18  6.900E-18
2914.5  1.360E-17  6.800E-18  6.800E-18
2917.9  1.330E-17  6.650E-18  6.650E-18
2921.3  1.310E-17  6.550E-18  6.550E-18
2924.8  1.290E-17  6.450E-18  6.450E-18
2928.2  1.270E-17  6.350E-18  6.350E-18
2931.7  1.240E-17  6.200E-18  6.200E-18
2935.2  1.220E-17  6.100E-18  6.100E-18
2938.6  1.200E-17  6.000E-18  6.000E-18
2942.1  1.170E-17  5.850E-18  5.850E-18
2945.6  1.150E-17  5.750E-18  5.750E-18
2949.1  1.120E-17  5.600E-18  5.600E-18
2952.6  1.100E-17  5.500E-18  5.500E-18
2956.2  1.070E-17  5.350E-18  5.350E-18
2959.7  1.040E-17  5.200E-18  5.200E-18
2963.2  1.020E-17  5.100E-18  5.100E-18
2966.8  9.900E-18  4.950E-18  4.950E-18
2970.3  9.630E-18  4.815E-18  4.815E-18
2973.9  9.360E-18  4.680E-18  4.680E-18
2977.5  9.090E-18  4.545E-18  4.545E-18
2981  8.820E-18  4.410E-18  4.410E-18
2984.6  8.540E-18  4.270E-18  4.270E-18
2988.2  8.280E-18  4.140E-18  4.140E-18
2991.8  8.010E-18  4.005E-18  4.005E-18
2995.4  7.740E-18  3.870E-18  3.870E-18
2999.1  7.480E-18  3.740E-18  3.740E-18
3002.7  7.230E-18  3.615E-18  3.615E-18
3006.3  6.970E-18  3.485E-18  3.485E-18
3010  6.730E-18  3.365E-18  3.365E-18
3013.6  6.490E-18  3.245E-18  3.245E-18
3017.3  6.250E-18  3.125E-18  3.125E-18
3021  6.020E-18  3.010E-18  3.010E-18
3024.7  5.800E-18  2.900E-18  2.900E-18
3028.4  5.590E-18  2.795E-18  2.795E-18
3032.1  5.380E-18  2.690E-18  2.690E-18
3035.8  5.190E-18  2.595E-18  2.595E-18
3039.5  5.000E-18  2.500E-18  2.500E-18
3043.2  4.810E-18  2.405E-18  2.405E-18
3047  4.640E-18  2.320E-18  2.320E-18
3050.7  4.470E-18  2.235E-18  2.235E-18
3054.5  4.310E-18  2.155E-18  2.155E-18
3058.2  4.150E-18  2.075E-18  2.075E-18
3062  4.000E-18  2.000E-18  2.000E-18
3065.8  3.860E-18  1.930E-18  1.930E-18
3069.6  3.710E-18  1.855E-18  1.855E-18
3073.4  3.570E-18  1.785E-18  1.785E-18
3077.2  3.440E-18  1.720E-18  1.720E-18
3081  3.300E-18  1.650E-18  1.650E-18
3084.9  3.170E-18  1.585E-18  1.585E-18
3088.7  3.040E-18  1.520E-18  1.520E-18
3092.6  2.910E-18  1.455E-18  1.455E-18
3096.4  2.780E-18  1.390E-18  1.390E-18
3100.3  2.650E-18  1.325E-18  1.325E-18
3104.2  2.520E-18  1.260E-18  1.260E-18
3108.1  2.390E-18  1.195E-18  1.195E-18
3112  2.260E-18  1.130E-18  1.130E-18
3115.9  2.140E-18  1.070E-18  1.070E-18
3119.8  2.010E-18  1.005E-18  1.005E-18
3123.7  1.890E-18  9.450E-19  9.450E-19
3127.7  1.770E-18  8.850E-19  8.850E-19
3131.6  1.660E-18  8.300E-19  8.300E-19
3135.6  1.550E-18  7.750E-19  7.750E-19
3139.6  1.440E-18  7.200E-19  7.200E-19
3143.5  1.340E-18  6.700E-19  6.700E-19
3147.5  1.250E-18  6.250E-19  6.250E-19
3151.5  1.160E-18  5.800E-19  5.800E-19
3155.5  1.080E-18  5.400E-19  5.400E-19
3159.6  1.010E-18  5.050E-19  5.050E-19
3163.6  9.370E-19  4.685E-19  4.685E-19
3167.6  8.750E-19  4.375E-19  4.375E-19
3171.7  8.190E-19  4.095E-19  4.095E-19
3175.7  7.680E-19  3.840E-19  3.840E-19
3179.8  7.220E-19  3.610E-19  3.610E-19
3183.9  6.810E-19  3.405E-19  3.405E-19
3188  6.440E-19  3.220E-19  3.220E-19
3192.1  6.100E-19  3.050E-19  3.050E-19
3196.2  5.790E-19  2.895E-19  2.895E-19
3200.3  5.510E-19  2.755E-19  2.755E-19
3204.5  5.240E-19  2.620E-19  2.620E-19
3208.6  4.990E-19  2.495E-19  2.495E-19
3212.8  4.760E-19  2.380E-19  2.380E-19
3216.9  4.530E-19  2.265E-19  2.265E-19
3221.1  4.320E-19  2.160E-19  2.160E-19
3225.3  4.110E-19  2.055E-19  2.055E-19
3229.5  3.900E-19  1.950E-19  1.950E-19
3233.7  3.700E-19  1.850E-19  1.850E-19
3237.9  3.510E-19  1.755E-19  1.755E-19
3242.2  3.320E-19  1.660E-19  1.660E-19
3246.4  3.140E-19  1.570E-19  1.570E-19
3250.7  2.960E-19  1.480E-19  1.480E-19
3254.9  2.790E-19  1.395E-19  1.395E-19
3259.2  2.630E-19  1.315E-19  1.315E-19
3263.5  2.470E-19  1.235E-19  1.235E-19
3267.8  2.310E-19  1.155E-19  1.155E-19
3272.1  2.160E-19  1.080E-19  1.080E-19
3276.5  2.020E-19  1.010E-19  1.010E-19
3280.8  1.870E-19  9.350E-20  9.350E-20
3285.1  1.740E-19  8.700E-20  8.700E-20
3289.5  1.610E-19  8.050E-20  8.050E-20
3293.9  1.480E-19  7.400E-20  7.400E-20
3298.2  1.360E-19  6.800E-20  6.800E-20
3302.6  1.240E-19  6.200E-20  6.200E-20
3307  1.130E-19  5.650E-20  5.650E-20
3311.5  1.020E-19  5.100E-20  5.100E-20
3315.9  9.140E-20  4.570E-20  4.570E-20
3320.3  8.170E-20  4.085E-20  4.085E-20
3324.8  7.260E-20  3.630E-20  3.630E-20
3329.2  6.400E-20  3.200E-20  3.200E-20
3333.7  5.620E-20  2.810E-20  2.810E-20
3338.2  4.890E-20  2.445E-20  2.445E-20
3342.7  4.230E-20  2.115E-20  2.115E-20
3347.2  3.640E-20  1.820E-20  1.820E-20
3351.7  3.110E-20  1.555E-20  1.555E-20
3356.3  2.640E-20  1.320E-20  1.320E-20
3360.8  2.220E-20  1.110E-20  1.110E-20
3365.4  1.870E-20  9.350E-21  9.350E-21
3370  1.560E-20  7.800E-21  7.800E-21
3374.5  1.290E-20  6.450E-21  6.450E-21
3379.1  1.070E-20  5.350E-21  5.350E-21
3383.8  8.870E-21  4.435E-21  4.435E-21
3388.4  7.350E-21  3.675E-21  3.675E-21
3393  6.120E-21  3.060E-21  3.060E-21
3397.7  5.130E-21  2.565E-21  2.565E-21
3402.3  4.340E-21  2.170E-21  2.170E-21
3407  3.740E-21  1.870E-21  1.870E-21
3411.7  3.280E-21  1.640E-21  1.640E-21
3416.4  2.940E-21  1.470E-21  1.470E-21
3421.1  2.700E-21  1.350E-21  1.350E-21
3425.8  2.540E-21  1.270E-21  1.270E-21
3430.6  2.440E-21  1.220E-21  1.220E-21
3435.3  2.400E-21  1.200E-21  1.200E-21
3440.1  2.400E-21  1.200E-21  1.200E-21
3444.9  2.430E-21  1.215E-21  1.215E-21
3449.7  2.500E-21  1.250E-21  1.250E-21
3454.5  2.580E-21  1.290E-21  1.290E-21
3459.3  2.690E-21  1.345E-21  1.345E-21
3464.1  2.810E-21  1.405E-21  1.405E-21
3469  2.940E-21  1.470E-21  1.470E-21
3473.8  3.090E-21  1.545E-21  1.545E-21
3478.7  3.250E-21  1.625E-21  1.625E-21
3483.6  3.410E-21  1.705E-21  1.705E-21
3488.5  3.590E-21  1.795E-21  1.795E-21
3493.4  3.780E-21  1.890E-21  1.890E-21
3498.3  3.980E-21  1.990E-21  1.990E-21
3503.3  4.180E-21  2.090E-21  2.090E-21
3508.2  4.400E-21  2.200E-21  2.200E-21
3513.2  4.620E-21  2.310E-21  2.310E-21
3518.2  4.850E-21  2.425E-21  2.425E-21
3523.2  5.090E-21  2.545E-21  2.545E-21
3528.2  5.340E-21  2.670E-21  2.670E-21
3533.2  5.600E-21  2.800E-21  2.800E-21
3538.3  5.870E-21  2.935E-21  2.935E-21
3543.3  6.140E-21  3.070E-21  3.070E-21
3548.4  6.420E-21  3.210E-21  3.210E-21
3553.5  6.710E-21  3.355E-21  3.355E-21
3558.6  7.010E-21  3.505E-21  3.505E-21
3563.7  7.320E-21  3.660E-21  3.660E-21
3568.8  7.630E-21  3.815E-21  3.815E-21
3574  7.950E-21  3.975E-21  3.975E-21
3579.1  8.270E-21  4.135E-21  4.135E-21
3584.3  8.600E-21  4.300E-21  4.300E-21
3589.5  8.940E-21  4.470E-21  4.470E-21
3594.7  9.280E-21  4.640E-21  4.640E-21
3599.9  9.620E-21  4.810E-21  4.810E-21
3605.1  9.970E-21  4.985E-21  4.985E-21
3610.4  1.030E-20  5.150E-21  5.150E-21
3615.6  1.070E-20  5.350E-21  5.350E-21
3620.9  1.100E-20  5.500E-21  5.500E-21
3626.2  1.140E-20  5.700E-21  5.700E-21
3631.5  1.180E-20  5.900E-21  5.900E-21
3636.9  1.210E-20  6.050E-21  6.050E-21
3642.2  1.250E-20  6.250E-21  6.250E-21
3647.6  1.290E-20  6.450E-21  6.450E-21
3652.9  1.320E-20  6.600E-21  6.600E-21
3658.3  1.360E-20  6.800E-21  6.800E-21
3663.7  1.400E-20  7.000E-21  7.000E-21
3669.1  1.440E-20  7.200E-21  7.200E-21
3674.6  1.470E-20  7.350E-21  7.350E-21
3680  1.510E-20  7.550E-21  7.550E-21
3685.5  1.550E-20  7.750E-21  7.750E-21
3691  1.590E-20  7.950E-21  7.950E-21
3696.5  1.620E-20  8.100E-21  8.100E-21
3702  1.660E-20  8.300E-21  8.300E-21
3707.6  1.700E-20  8.500E-21  8.500E-21
3713.1  1.730E-20  8.650E-21  8.650E-21
3718.7  1.770E-20  8.850E-21  8.850E-21
3724.3  1.800E-20  9.000E-21  9.000E-21
3729.9  1.840E-20  9.200E-21  9.200E-21
3735.5  1.870E-20  9.350E-21  9.350E-21
3741.1  1.900E-20  9.500E-21  9.500E-21
3746.8  1.940E-20  9.700E-21  9.700E-21
3752.4  1.970E-20  9.850E-21  9.850E-21
3758.1  2.000E-20  1.000E-20  1.000E-20
3763.8  2.020E-20  1.010E-20  1.010E-20
3769.5  2.050E-20  1.025E-20  1.025E-20
3775.3  2.080E-20  1.040E-20  1.040E-20
3781  2.100E-20  1.050E-20  1.050E-20
3786.8  2.120E-20  1.060E-20  1.060E-20
3792.6  2.150E-20  1.075E-20  1.075E-20
3798.4  2.170E-20  1.085E-20  1.085E-20
3804.2  2.180E-20  1.090E-20  1.090E-20
3810.1  2.200E-20  1.100E-20  1.100E-20
3816  2.210E-20  1.105E-20  1.105E-20
3821.8  2.230E-20  1.115E-20  1.115E-20
3827.7  2.240E-20  1.120E-20  1.120E-20
3833.7  2.240E-20  1.120E-20  1.120E-20
3839.6  2.250E-20  1.125E-20  1.125E-20
3845.5  2.250E-20  1.125E-20  1.125E-20
3851.5  2.250E-20  1.125E-20  1.125E-20
3857.5  2.250E-20  1.125E-20  1.125E-20
3863.5  2.250E-20  1.125E-20  1.125E-20
3869.5  2.240E-20  1.120E-20  1.120E-20
3875.6  2.240E-20  1.120E-20  1.120E-20
3881.7  2.230E-20  1.115E-20  1.115E-20
3887.7  2.220E-20  1.110E-20  1.110E-20
3893.9  2.210E-20  1.105E-20  1.105E-20
3900  2.200E-20  1.100E-20  1.100E-20
3906.1  2.190E-20  1.095E-20  1.095E-20
3912.3  2.180E-20  1.090E-20  1.090E-20
3918.5  2.170E-20  1.085E-20  1.085E-20
3924.7  2.160E-20  1.080E-20  1.080E-20
3930.9  2.150E-20  1.075E-20  1.075E-20
3937.1  2.140E-20  1.070E-20  1.070E-20
3943.4  2.130E-20  1.065E-20  1.065E-20
3949.7  2.120E-20  1.060E-20  1.060E-20
3956  2.110E-20  1.055E-20  1.055E-20
3962.3  2.110E-20  1.055E-20  1.055E-20
3968.6  2.100E-20  1.050E-20  1.050E-20
3975  2.100E-20  1.050E-20  1.050E-20
3981.4  2.090E-20  1.045E-20  1.045E-20
3987.8  2.090E-20  1.045E-20  1.045E-20
3994.2  2.080E-20  1.040E-20  1.040E-20
4000.7  2.080E-20  1.040E-20  1.040E-20
4007.1  2.070E-20  1.035E-20  1.035E-20
4013.6  2.070E-20  1.035E-20  1.035E-20
4020.1  2.060E-20  1.030E-20  1.030E-20
4026.6  2.060E-20  1.030E-20  1.030E-20
4033.2  2.050E-20  1.025E-20  1.025E-20
4039.8  2.040E-20  1.020E-20  1.020E-20
4046.3  2.040E-20  1.020E-20  1.020E-20
4053  2.030E-20  1.015E-20  1.015E-20
4059.6  2.020E-20  1.010E-20  1.010E-20
4066.3  2.010E-20  1.005E-20  1.005E-20
4072.9  2.000E-20  1.000E-20  1.000E-20
4079.6  1.990E-20  9.950E-21  9.950E-21
4086.4  1.970E-20  9.850E-21  9.850E-21
4093.1  1.960E-20  9.800E-21  9.800E-21
4099.9  1.950E-20  9.750E-21  9.750E-21
4106.7  1.930E-20  9.650E-21  9.650E-21
4113.5  1.910E-20  9.550E-21  9.550E-21
4120.3  1.900E-20  9.500E-21  9.500E-21
4127.2  1.880E-20  9.400E-21  9.400E-21
4134  1.860E-20  9.300E-21  9.300E-21
4141  1.840E-20  9.200E-21  9.200E-21
4147.9  1.820E-20  9.100E-21  9.100E-21
4154.8  1.790E-20  8.950E-21  8.950E-21
4161.8  1.770E-20  8.850E-21  8.850E-21
4168.8  1.750E-20  8.750E-21  8.750E-21
4175.8  1.720E-20  8.600E-21  8.600E-21
4182.9  1.690E-20  8.450E-21  8.450E-21
4189.9  1.670E-20  8.350E-21  8.350E-21
4197  1.640E-20  8.200E-21  8.200E-21
4204.1  1.610E-20  8.050E-21  8.050E-21
4211.3  1.590E-20  7.950E-21  7.950E-21
4218.4  1.560E-20  7.800E-21  7.800E-21
4225.6  1.530E-20  7.650E-21  7.650E-21
4232.8  1.500E-20  7.500E-21  7.500E-21
4240.1  1.480E-20  7.400E-21  7.400E-21
4247.3  1.450E-20  7.250E-21  7.250E-21
4254.6  1.430E-20  7.150E-21  7.150E-21
4261.9  1.410E-20  7.050E-21  7.050E-21
4269.3  1.380E-20  6.900E-21  6.900E-21
4276.6  1.360E-20  6.800E-21  6.800E-21
4284  1.340E-20  6.700E-21  6.700E-21
4291.4  1.320E-20  6.600E-21  6.600E-21
4298.9  1.300E-20  6.500E-21  6.500E-21
4306.4  1.290E-20  6.450E-21  6.450E-21
4313.8  1.270E-20  6.350E-21  6.350E-21
4321.4  1.260E-20  6.300E-21  6.300E-21
4328.9  1.250E-20  6.250E-21  6.250E-21
4336.5  1.240E-20  6.200E-21  6.200E-21
4344.1  1.230E-20  6.150E-21  6.150E-21
4351.7  1.230E-20  6.150E-21  6.150E-21
4359.3  1.220E-20  6.100E-21  6.100E-21
4367  1.220E-20  6.100E-21  6.100E-21
4374.7  1.220E-20  6.100E-21  6.100E-21
4382.5  1.220E-20  6.100E-21  6.100E-21
4390.2  1.230E-20  6.150E-21  6.150E-21
4398  1.230E-20  6.150E-21  6.150E-21
4405.8  1.240E-20  6.200E-21  6.200E-21
4413.7  1.260E-20  6.300E-21  6.300E-21
4421.5  1.270E-20  6.350E-21  6.350E-21
4429.4  1.290E-20  6.450E-21  6.450E-21
4437.4  1.310E-20  6.550E-21  6.550E-21
4445.3  1.330E-20  6.650E-21  6.650E-21
4453.3  1.360E-20  6.800E-21  6.800E-21
4461.3  1.390E-20  6.950E-21  6.950E-21
4469.3  1.420E-20  7.100E-21  7.100E-21
4477.4  1.450E-20  7.250E-21  7.250E-21
4485.5  1.480E-20  7.400E-21  7.400E-21
4493.6  1.520E-20  7.600E-21  7.600E-21
4501.8  1.560E-20  7.800E-21  7.800E-21
4510  1.590E-20  7.950E-21  7.950E-21
4518.2  1.630E-20  8.150E-21  8.150E-21
4526.5  1.670E-20  8.350E-21  8.350E-21
4534.7  1.710E-20  8.550E-21  8.550E-21
4543  1.750E-20  8.750E-21  8.750E-21
4551.4  1.780E-20  8.900E-21  8.900E-21
4559.8  1.820E-20  9.100E-21  9.100E-21
4568.2  1.850E-20  9.250E-21  9.250E-21
4576.6  1.880E-20  9.400E-21  9.400E-21
4585  1.910E-20  9.550E-21  9.550E-21
4593.5  1.930E-20  9.650E-21  9.650E-21
4602.1  1.960E-20  9.800E-21  9.800E-21
4610.6  1.980E-20  9.900E-21  9.900E-21
4619.2  1.990E-20  9.950E-21  9.950E-21
4627.8  2.010E-20  1.005E-20  1.005E-20
4636.5  2.020E-20  1.010E-20  1.010E-20
4645.2  2.030E-20  1.015E-20  1.015E-20
4653.9  2.030E-20  1.015E-20  1.015E-20
4662.6  2.040E-20  1.020E-20  1.020E-20
4671.4  2.040E-20  1.020E-20  1.020E-20
4680.2  2.040E-20  1.020E-20  1.020E-20
4689.1  2.030E-20  1.015E-20  1.015E-20
4698  2.030E-20  1.015E-20  1.015E-20
4706.9  2.020E-20  1.010E-20  1.010E-20
4715.8  2.010E-20  1.005E-20  1.005E-20
4724.8  2.000E-20  1.000E-20  1.000E-20
4733.8  1.990E-20  9.950E-21  9.950E-21
4742.9  1.970E-20  9.850E-21  9.850E-21
4752  1.950E-20  9.750E-21  9.750E-21
4761.1  1.930E-20  9.650E-21  9.650E-21
4770.3  1.910E-20  9.550E-21  9.550E-21
4779.5  1.890E-20  9.450E-21  9.450E-21
4788.7  1.860E-20  9.300E-21  9.300E-21
4798  1.840E-20  9.200E-21  9.200E-21
4807.3  1.810E-20  9.050E-21  9.050E-21
4816.6  1.780E-20  8.900E-21  8.900E-21
4826  1.740E-20  8.700E-21  8.700E-21
4835.4  1.710E-20  8.550E-21  8.550E-21
4844.8  1.670E-20  8.350E-21  8.350E-21
4854.3  1.630E-20  8.150E-21  8.150E-21
4863.8  1.590E-20  7.950E-21  7.950E-21
4873.4  1.550E-20  7.750E-21  7.750E-21
4883  1.500E-20  7.500E-21  7.500E-21
4892.6  1.460E-20  7.300E-21  7.300E-21
4902.3  1.410E-20  7.050E-21  7.050E-21
4912  1.370E-20  6.850E-21  6.850E-21
4921.8  1.320E-20  6.600E-21  6.600E-21
4931.6  1.280E-20  6.400E-21  6.400E-21
4941.4  1.230E-20  6.150E-21  6.150E-21
4951.2  1.180E-20  5.900E-21  5.900E-21
4961.2  1.140E-20  5.700E-21  5.700E-21
4971.1  1.090E-20  5.450E-21  5.450E-21
4981.1  1.040E-20  5.200E-21  5.200E-21
4991.1  9.970E-21  4.985E-21  4.985E-21
5001.2  9.510E-21  4.755E-21  4.755E-21
5011.3  9.060E-21  4.530E-21  4.530E-21
5021.4  8.610E-21  4.305E-21  4.305E-21
5031.6  8.160E-21  4.080E-21  4.080E-21
5041.9  7.730E-21  3.865E-21  3.865E-21
5052.1  7.300E-21  3.650E-21  3.650E-21
5062.4  6.880E-21  3.440E-21  3.440E-21
5072.8  6.470E-21  3.235E-21  3.235E-21
5083.2  6.070E-21  3.035E-21  3.035E-21
5093.6  5.680E-21  2.840E-21  2.840E-21
5104.1  5.310E-21  2.655E-21  2.655E-21
5114.6  4.950E-21  2.475E-21  2.475E-21
5125.2  4.600E-21  2.300E-21  2.300E-21
5135.8  4.260E-21  2.130E-21  2.130E-21
5146.5  3.950E-21  1.975E-21  1.975E-21
5157.2  3.640E-21  1.820E-21  1.820E-21
5167.9  3.350E-21  1.675E-21  1.675E-21
5178.7  3.080E-21  1.540E-21  1.540E-21
5189.6  2.820E-21  1.410E-21  1.410E-21
5200.5  2.580E-21  1.290E-21  1.290E-21
5211.4  2.350E-21  1.175E-21  1.175E-21
5222.4  2.130E-21  1.065E-21  1.065E-21
5233.4  1.930E-21  9.650E-22  9.650E-22
5244.5  1.750E-21  8.750E-22  8.750E-22
5255.6  1.570E-21  7.850E-22  7.850E-22
5266.7  1.410E-21  7.050E-22  7.050E-22
5277.9  1.270E-21  6.350E-22  6.350E-22
5289.2  1.130E-21  5.650E-22  5.650E-22
5300.5  1.000E-21  5.000E-22  5.000E-22
5311.9  8.910E-22  4.455E-22  4.455E-22
5323.3  7.880E-22  3.940E-22  3.940E-22
5334.7  6.940E-22  3.470E-22  3.470E-22
5346.2  6.090E-22  3.045E-22  3.045E-22
5357.8  5.330E-22  2.665E-22  2.665E-22
5369.4  4.650E-22  2.325E-22  2.325E-22
5381  4.040E-22  2.020E-22  2.020E-22
5392.7  3.490E-22  1.745E-22  1.745E-22
5404.5  3.010E-22  1.505E-22  1.505E-22
5416.3  2.580E-22  1.290E-22  1.290E-22
5428.1  2.210E-22  1.105E-22  1.105E-22
5440.1  1.880E-22  9.400E-23  9.400E-23
5452  1.590E-22  7.950E-23  7.950E-23
5464  1.340E-22  6.700E-23  6.700E-23
5476.1  1.120E-22  5.600E-23  5.600E-23
5488.2  9.300E-23  4.650E-23  4.650E-23
5500.4  7.700E-23  3.850E-23  3.850E-23
5512.6  6.400E-23  3.200E-23  3.200E-23
5524.9  5.200E-23  2.600E-23  2.600E-23
5537.2  4.200E-23  2.100E-23  2.100E-23
5549.6  3.400E-23  1.700E-23  1.700E-23
5562.1  2.800E-23  1.400E-23  1.400E-23
5574.6  2.200E-23  1.100E-23  1.100E-23
5587.1  1.700E-23  8.500E-24  8.500E-24
5599.8  1.400E-23  7.000E-24  7.000E-24
5612.4  1.100E-23  5.500E-24  5.500E-24
5625.2  8.000E-24  4.000E-24  4.000E-24
5638  6.000E-24  3.000E-24  3.000E-24
5650.8  5.000E-24  2.500E-24  2.500E-24
