0          References for Cross Section of O32S32SO        
           Frandsen et al., 2020 (cis-OSSO-No isotope)   
0 Branching ratio for O32S32SO       Total        1 branch
Lambda  Total   32SO/32SO
2498.5  1.00959E-19  1.00959E-19
2501  1.01153E-19  1.01153E-19
2503.5  1.01414E-19  1.01414E-19
2506  1.01770E-19  1.01770E-19
2508.6  1.02255E-19  1.02255E-19
2511.1  1.02900E-19  1.02900E-19
2513.7  1.03741E-19  1.03741E-19
2516.2  1.04816E-19  1.04816E-19
2518.8  1.06163E-19  1.06163E-19
2521.3  1.07824E-19  1.07824E-19
2523.9  1.09841E-19  1.09841E-19
2526.5  1.12263E-19  1.12263E-19
2529.1  1.15137E-19  1.15137E-19
2531.6  1.18518E-19  1.18518E-19
2534.2  1.22462E-19  1.22462E-19
2536.8  1.27031E-19  1.27031E-19
2539.4  1.32294E-19  1.32294E-19
2542  1.38323E-19  1.38323E-19
2544.6  1.45202E-19  1.45202E-19
2547.2  1.53018E-19  1.53018E-19
2549.9  1.61870E-19  1.61870E-19
2552.5  1.71865E-19  1.71865E-19
2555.1  1.83121E-19  1.83121E-19
2557.7  1.95762E-19  1.95762E-19
2560.4  2.09927E-19  2.09927E-19
2563  2.25759E-19  2.25759E-19
2565.7  2.43412E-19  2.43412E-19
2568.3  2.63048E-19  2.63048E-19
2571  2.84832E-19  2.84832E-19
2573.7  3.08935E-19  3.08935E-19
2576.3  3.35529E-19  3.35529E-19
2579  3.64786E-19  3.64786E-19
2581.7  3.96875E-19  3.96875E-19
2584.4  4.31960E-19  4.31960E-19
2587.1  4.70197E-19  4.70197E-19
2589.8  5.11730E-19  5.11730E-19
2592.5  5.56691E-19  5.56691E-19
2595.2  6.05197E-19  6.05197E-19
2597.9  6.57345E-19  6.57345E-19
2600.7  7.13213E-19  7.13213E-19
2603.4  7.72856E-19  7.72856E-19
2606.1  8.36305E-19  8.36305E-19
2608.9  9.03565E-19  9.03565E-19
2611.6  9.74616E-19  9.74616E-19
2614.4  1.04941E-18  1.04941E-18
2617.1  1.12786E-18  1.12786E-18
2619.9  1.20986E-18  1.20986E-18
2622.7  1.29528E-18  1.29528E-18
2625.4  1.38395E-18  1.38395E-18
2628.2  1.47566E-18  1.47566E-18
2631  1.57020E-18  1.57020E-18
2633.8  1.66731E-18  1.66731E-18
2636.6  1.76671E-18  1.76671E-18
2639.4  1.86810E-18  1.86810E-18
2642.2  1.97115E-18  1.97115E-18
2645.1  2.07551E-18  2.07551E-18
2647.9  2.18080E-18  2.18080E-18
2650.7  2.28664E-18  2.28664E-18
2653.5  2.39261E-18  2.39261E-18
2656.4  2.49828E-18  2.49828E-18
2659.2  2.60319E-18  2.60319E-18
2662.1  2.70687E-18  2.70687E-18
2665  2.80880E-18  2.80880E-18
2667.8  2.90849E-18  2.90849E-18
2670.7  3.00537E-18  3.00537E-18
2673.6  3.09888E-18  3.09888E-18
2676.5  3.18843E-18  3.18843E-18
2679.3  3.27344E-18  3.27344E-18
2682.2  3.35329E-18  3.35329E-18
2685.2  3.42739E-18  3.42739E-18
2688.1  3.49513E-18  3.49513E-18
2691  3.55596E-18  3.55596E-18
2693.9  3.60935E-18  3.60935E-18
2696.8  3.65482E-18  3.65482E-18
2699.8  3.69196E-18  3.69196E-18
2702.7  3.72045E-18  3.72045E-18
2705.7  3.74003E-18  3.74003E-18
2708.6  3.75058E-18  3.75058E-18
2711.6  3.75206E-18  3.75206E-18
2714.5  3.74454E-18  3.74454E-18
2717.5  3.72821E-18  3.72821E-18
2720.5  3.70336E-18  3.70336E-18
2723.5  3.67036E-18  3.67036E-18
2726.5  3.62970E-18  3.62970E-18
2729.5  3.58192E-18  3.58192E-18
2732.5  3.52763E-18  3.52763E-18
2735.5  3.46747E-18  3.46747E-18
2738.5  3.40215E-18  3.40215E-18
2741.6  3.33238E-18  3.33238E-18
2744.6  3.25887E-18  3.25887E-18
2747.6  3.18237E-18  3.18237E-18
2750.7  3.10358E-18  3.10358E-18
2753.7  3.02323E-18  3.02323E-18
2756.8  2.94199E-18  2.94199E-18
2759.9  2.86055E-18  2.86055E-18
2762.9  2.77954E-18  2.77954E-18
2766  2.69958E-18  2.69958E-18
2769.1  2.62123E-18  2.62123E-18
2772.2  2.54504E-18  2.54504E-18
2775.3  2.47148E-18  2.47148E-18
2778.4  2.40097E-18  2.40097E-18
2781.5  2.33388E-18  2.33388E-18
2784.7  2.27051E-18  2.27051E-18
2787.8  2.21107E-18  2.21107E-18
2790.9  2.15570E-18  2.15570E-18
2794.1  2.10447E-18  2.10447E-18
2797.2  2.05738E-18  2.05738E-18
2800.4  2.01433E-18  2.01433E-18
2803.5  1.97520E-18  1.97520E-18
2806.7  1.93979E-18  1.93979E-18
2809.9  1.90789E-18  1.90789E-18
2813.1  1.87927E-18  1.87927E-18
2816.3  1.85370E-18  1.85370E-18
2819.5  1.83097E-18  1.83097E-18
2822.7  1.81091E-18  1.81091E-18
2825.9  1.79343E-18  1.79343E-18
2829.1  1.77848E-18  1.77848E-18
2832.4  1.76609E-18  1.76609E-18
2835.6  1.75640E-18  1.75640E-18
2838.9  1.74960E-18  1.74960E-18
2842.1  1.74598E-18  1.74598E-18
2845.4  1.74587E-18  1.74587E-18
2848.6  1.74968E-18  1.74968E-18
2851.9  1.75782E-18  1.75782E-18
2855.2  1.77072E-18  1.77072E-18
2858.5  1.78881E-18  1.78881E-18
2861.8  1.81246E-18  1.81246E-18
2865.1  1.84200E-18  1.84200E-18
2868.4  1.87767E-18  1.87767E-18
2871.7  1.91961E-18  1.91961E-18
2875.1  1.96787E-18  1.96787E-18
2878.4  2.02236E-18  2.02236E-18
2881.7  2.08289E-18  2.08289E-18
2885.1  2.14916E-18  2.14916E-18
2888.5  2.22073E-18  2.22073E-18
2891.8  2.29710E-18  2.29710E-18
2895.2  2.37765E-18  2.37765E-18
2898.6  2.46173E-18  2.46173E-18
2902  2.54861E-18  2.54861E-18
2905.4  2.63756E-18  2.63756E-18
2908.8  2.72783E-18  2.72783E-18
2912.2  2.81869E-18  2.81869E-18
2915.6  2.90945E-18  2.90945E-18
2919.1  2.99945E-18  2.99945E-18
2922.5  3.08810E-18  3.08810E-18
2925.9  3.17488E-18  3.17488E-18
2929.4  3.25934E-18  3.25934E-18
2932.9  3.34112E-18  3.34112E-18
2936.3  3.41993E-18  3.41993E-18
2939.8  3.49554E-18  3.49554E-18
2943.3  3.56782E-18  3.56782E-18
2946.8  3.63665E-18  3.63665E-18
2950.3  3.70199E-18  3.70199E-18
2953.8  3.76381E-18  3.76381E-18
2957.4  3.82213E-18  3.82213E-18
2960.9  3.87694E-18  3.87694E-18
2964.4  3.92825E-18  3.92825E-18
2968  3.97607E-18  3.97607E-18
2971.5  4.02036E-18  4.02036E-18
2975.1  4.06107E-18  4.06107E-18
2978.7  4.09814E-18  4.09814E-18
2982.3  4.13146E-18  4.13146E-18
2985.8  4.16091E-18  4.16091E-18
2989.4  4.18634E-18  4.18634E-18
2993.1  4.20760E-18  4.20760E-18
2996.7  4.22453E-18  4.22453E-18
3000.3  4.23699E-18  4.23699E-18
3003.9  4.24485E-18  4.24485E-18
3007.6  4.24801E-18  4.24801E-18
3011.2  4.24643E-18  4.24643E-18
3014.9  4.24010E-18  4.24010E-18
3018.6  4.22912E-18  4.22912E-18
3022.2  4.21364E-18  4.21364E-18
3025.9  4.19390E-18  4.19390E-18
3029.6  4.17027E-18  4.17027E-18
3033.3  4.14319E-18  4.14319E-18
3037  4.11323E-18  4.11323E-18
3040.8  4.08102E-18  4.08102E-18
3044.5  4.04734E-18  4.04734E-18
3048.2  4.01301E-18  4.01301E-18
3052  3.97893E-18  3.97893E-18
3055.8  3.94606E-18  3.94606E-18
3059.5  3.91538E-18  3.91538E-18
3063.3  3.88786E-18  3.88786E-18
3067.1  3.86449E-18  3.86449E-18
3070.9  3.84618E-18  3.84618E-18
3074.7  3.83380E-18  3.83380E-18
3078.5  3.82812E-18  3.82812E-18
3082.3  3.82983E-18  3.82983E-18
3086.2  3.83952E-18  3.83952E-18
3090  3.85767E-18  3.85767E-18
3093.9  3.88466E-18  3.88466E-18
3097.7  3.92077E-18  3.92077E-18
3101.6  3.96621E-18  3.96621E-18
3105.5  4.02113E-18  4.02113E-18
3109.4  4.08562E-18  4.08562E-18
3113.3  4.15975E-18  4.15975E-18
3117.2  4.24357E-18  4.24357E-18
3121.1  4.33713E-18  4.33713E-18
3125.1  4.44051E-18  4.44051E-18
3129  4.55378E-18  4.55378E-18
3133  4.67704E-18  4.67704E-18
3136.9  4.81040E-18  4.81040E-18
3140.9  4.95399E-18  4.95399E-18
3144.9  5.10793E-18  5.10793E-18
3148.9  5.27234E-18  5.27234E-18
3152.9  5.44731E-18  5.44731E-18
3156.9  5.63293E-18  5.63293E-18
3160.9  5.82925E-18  5.82925E-18
3165  6.03629E-18  6.03629E-18
3169  6.25407E-18  6.25407E-18
3173.1  6.48254E-18  6.48254E-18
3177.1  6.72167E-18  6.72167E-18
3181.2  6.97140E-18  6.97140E-18
3185.3  7.23166E-18  7.23166E-18
3189.4  7.50236E-18  7.50236E-18
3193.5  7.78341E-18  7.78341E-18
3197.6  8.07470E-18  8.07470E-18
3201.7  8.37607E-18  8.37607E-18
3205.9  8.68734E-18  8.68734E-18
3210  9.00823E-18  9.00823E-18
3214.2  9.33839E-18  9.33839E-18
3218.4  9.67733E-18  9.67733E-18
3222.5  1.00244E-17  1.00244E-17
3226.7  1.03789E-17  1.03789E-17
3230.9  1.07397E-17  1.07397E-17
3235.2  1.11057E-17  1.11057E-17
3239.4  1.14755E-17  1.14755E-17
3243.6  1.18476E-17  1.18476E-17
3247.9  1.22201E-17  1.22201E-17
3252.1  1.25913E-17  1.25913E-17
3256.4  1.29591E-17  1.29591E-17
3260.7  1.33217E-17  1.33217E-17
3265  1.36770E-17  1.36770E-17
3269.3  1.40232E-17  1.40232E-17
3273.6  1.43587E-17  1.43587E-17
3277.9  1.46820E-17  1.46820E-17
3282.3  1.49920E-17  1.49920E-17
3286.6  1.52877E-17  1.52877E-17
3291  1.55687E-17  1.55687E-17
3295.3  1.58348E-17  1.58348E-17
3299.7  1.60860E-17  1.60860E-17
3304.1  1.63228E-17  1.63228E-17
3308.5  1.65458E-17  1.65458E-17
3313  1.67558E-17  1.67558E-17
3317.4  1.69536E-17  1.69536E-17
3321.8  1.71401E-17  1.71401E-17
3326.3  1.73163E-17  1.73163E-17
3330.8  1.74827E-17  1.74827E-17
3335.2  1.76399E-17  1.76399E-17
3339.7  1.77883E-17  1.77883E-17
3344.2  1.79279E-17  1.79279E-17
3348.8  1.80587E-17  1.80587E-17
3353.3  1.81804E-17  1.81804E-17
3357.8  1.82924E-17  1.82924E-17
3362.4  1.83942E-17  1.83942E-17
3366.9  1.84851E-17  1.84851E-17
3371.5  1.85643E-17  1.85643E-17
3376.1  1.86312E-17  1.86312E-17
3380.7  1.86851E-17  1.86851E-17
3385.3  1.87256E-17  1.87256E-17
3390  1.87523E-17  1.87523E-17
3394.6  1.87650E-17  1.87650E-17
3399.2  1.87635E-17  1.87635E-17
3403.9  1.87479E-17  1.87479E-17
3408.6  1.87184E-17  1.87184E-17
3413.3  1.86753E-17  1.86753E-17
3418  1.86187E-17  1.86187E-17
3422.7  1.85491E-17  1.85491E-17
3427.4  1.84668E-17  1.84668E-17
3432.2  1.83720E-17  1.83720E-17
3436.9  1.82653E-17  1.82653E-17
3441.7  1.81467E-17  1.81467E-17
3446.5  1.80167E-17  1.80167E-17
3451.3  1.78754E-17  1.78754E-17
3456.1  1.77231E-17  1.77231E-17
3460.9  1.75600E-17  1.75600E-17
3465.8  1.73863E-17  1.73863E-17
3470.6  1.72024E-17  1.72024E-17
3475.5  1.70084E-17  1.70084E-17
3480.4  1.68047E-17  1.68047E-17
3485.2  1.65914E-17  1.65914E-17
3490.2  1.63691E-17  1.63691E-17
3495.1  1.61379E-17  1.61379E-17
3500  1.58981E-17  1.58981E-17
3505  1.56501E-17  1.56501E-17
3509.9  1.53943E-17  1.53943E-17
3514.9  1.51310E-17  1.51310E-17
3519.9  1.48604E-17  1.48604E-17
3524.9  1.45832E-17  1.45832E-17
3529.9  1.42995E-17  1.42995E-17
3534.9  1.40101E-17  1.40101E-17
3540  1.37155E-17  1.37155E-17
3545  1.34161E-17  1.34161E-17
3550.1  1.31129E-17  1.31129E-17
3555.2  1.28064E-17  1.28064E-17
3560.3  1.24976E-17  1.24976E-17
3565.4  1.21871E-17  1.21871E-17
3570.6  1.18758E-17  1.18758E-17
3575.7  1.15645E-17  1.15645E-17
3580.9  1.12538E-17  1.12538E-17
3586.1  1.09446E-17  1.09446E-17
3591.2  1.06373E-17  1.06373E-17
3596.5  1.03324E-17  1.03324E-17
3601.7  1.00303E-17  1.00303E-17
3606.9  9.73139E-18  9.73139E-18
3612.2  9.43584E-18  9.43584E-18
3617.4  9.14386E-18  9.14386E-18
3622.7  8.85560E-18  8.85560E-18
3628  8.57122E-18  8.57122E-18
3633.3  8.29087E-18  8.29087E-18
3638.7  8.01474E-18  8.01474E-18
3644  7.74307E-18  7.74307E-18
3649.4  7.47611E-18  7.47611E-18
3654.8  7.21417E-18  7.21417E-18
3660.2  6.95757E-18  6.95757E-18
3665.6  6.70663E-18  6.70663E-18
3671  6.46166E-18  6.46166E-18
3676.4  6.22291E-18  6.22291E-18
3681.9  5.99058E-18  5.99058E-18
3687.4  5.76478E-18  5.76478E-18
3692.9  5.54551E-18  5.54551E-18
3698.4  5.33270E-18  5.33270E-18
3703.9  5.12614E-18  5.12614E-18
3709.4  4.92555E-18  4.92555E-18
3715  4.73057E-18  4.73057E-18
3720.6  4.54076E-18  4.54076E-18
3726.2  4.35570E-18  4.35570E-18
3731.8  4.17492E-18  4.17492E-18
3737.4  3.99801E-18  3.99801E-18
3743  3.82458E-18  3.82458E-18
3748.7  3.65432E-18  3.65432E-18
3754.4  3.48700E-18  3.48700E-18
3760.1  3.32251E-18  3.32251E-18
3765.8  3.16079E-18  3.16079E-18
3771.5  3.00190E-18  3.00190E-18
3777.2  2.84599E-18  2.84599E-18
3783  2.69328E-18  2.69328E-18
3788.8  2.54404E-18  2.54404E-18
3794.6  2.39860E-18  2.39860E-18
3800.4  2.25731E-18  2.25731E-18
3806.2  2.12055E-18  2.12055E-18
3812.1  1.98867E-18  1.98867E-18
3818  1.86201E-18  1.86201E-18
3823.8  1.74089E-18  1.74089E-18
3829.7  1.62557E-18  1.62557E-18
3835.7  1.51629E-18  1.51629E-18
3841.6  1.41320E-18  1.41320E-18
3847.6  1.31640E-18  1.31640E-18
3853.6  1.22592E-18  1.22592E-18
3859.6  1.14175E-18  1.14175E-18
3865.6  1.06378E-18  1.06378E-18
3871.6  9.91854E-19  9.91854E-19
3877.7  9.25764E-19  9.25764E-19
3883.7  8.65240E-19  8.65240E-19
3889.8  8.09968E-19  8.09968E-19
3895.9  7.59596E-19  7.59596E-19
3902.1  7.13744E-19  7.13744E-19
3908.2  6.72007E-19  6.72007E-19
3914.4  6.33971E-19  6.33971E-19
3920.6  5.99217E-19  5.99217E-19
3926.8  5.67333E-19  5.67333E-19
3933  5.37919E-19  5.37919E-19
3939.3  5.10598E-19  5.10598E-19
3945.5  4.85016E-19  4.85016E-19
3951.8  4.60858E-19  4.60858E-19
3958.1  4.37839E-19  4.37839E-19
3964.4  4.15720E-19  4.15720E-19
3970.8  3.94298E-19  3.94298E-19
3977.2  3.73413E-19  3.73413E-19
3983.6  3.52947E-19  3.52947E-19
3990  3.32819E-19  3.32819E-19
3996.4  3.12983E-19  3.12983E-19
4002.8  2.93425E-19  2.93425E-19
4009.3  2.74156E-19  2.74156E-19
4015.8  2.55211E-19  2.55211E-19
4022.3  2.36641E-19  2.36641E-19
4028.9  2.18508E-19  2.18508E-19
4035.4  2.00882E-19  2.00882E-19
4042  1.83834E-19  1.83834E-19
4048.6  1.67436E-19  1.67436E-19
4055.2  1.51752E-19  1.51752E-19
4061.9  1.36842E-19  1.36842E-19
4068.5  1.22755E-19  1.22755E-19
4075.2  1.09530E-19  1.09530E-19
4081.9  9.71950E-20  9.71950E-20
4088.6  8.57640E-20  8.57640E-20
4095.4  7.52440E-20  7.52440E-20
4102.2  6.56270E-20  6.56270E-20
4109  5.68960E-20  5.68960E-20
4115.8  4.90260E-20  4.90260E-20
4122.6  4.19840E-20  4.19840E-20
4129.5  3.57290E-20  3.57290E-20
4136.4  3.02140E-20  3.02140E-20
4143.3  2.53900E-20  2.53900E-20
4150.2  2.12030E-20  2.12030E-20
4157.2  1.76000E-20  1.76000E-20
4164.2  1.45240E-20  1.45240E-20
4171.2  1.19210E-20  1.19210E-20
4178.2  9.73800E-21  9.73800E-21
4185.3  7.92300E-21  7.92300E-21
4192.3  6.42900E-21  6.42900E-21
4199.4  5.21100E-21  5.21100E-21
4206.6  4.22900E-21  4.22900E-21
4213.7  3.44500E-21  3.44500E-21
4220.9  2.82600E-21  2.82600E-21
4228.1  2.34500E-21  2.34500E-21
4235.3  1.97500E-21  1.97500E-21
4242.5  1.69700E-21  1.69700E-21
4249.8  1.49200E-21  1.49200E-21
4257.1  1.34500E-21  1.34500E-21
4264.4  1.24500E-21  1.24500E-21
4271.8  1.18100E-21  1.18100E-21
4279.2  1.14600E-21  1.14600E-21
4286.6  1.13400E-21  1.13400E-21
4294  1.14000E-21  1.14000E-21
4301.4  1.16100E-21  1.16100E-21
4308.9  1.19400E-21  1.19400E-21
4316.4  1.23600E-21  1.23600E-21
4323.9  1.28700E-21  1.28700E-21
4331.5  1.34500E-21  1.34500E-21
4339.1  1.40900E-21  1.40900E-21
4346.7  1.47700E-21  1.47700E-21
4354.3  1.55100E-21  1.55100E-21
4362  1.62700E-21  1.62700E-21
4369.6  1.70700E-21  1.70700E-21
4377.4  1.78800E-21  1.78800E-21
4385.1  1.87100E-21  1.87100E-21
4392.9  1.95500E-21  1.95500E-21
4400.7  2.03900E-21  2.03900E-21
4408.5  2.12200E-21  2.12200E-21
4416.3  2.20400E-21  2.20400E-21
4424.2  2.28400E-21  2.28400E-21
4432.1  2.36300E-21  2.36300E-21
4440.1  2.43900E-21  2.43900E-21
4448  2.51300E-21  2.51300E-21
4456  2.58500E-21  2.58500E-21
4464  2.65400E-21  2.65400E-21
4472.1  2.72000E-21  2.72000E-21
4480.2  2.78400E-21  2.78400E-21
4488.3  2.84600E-21  2.84600E-21
4496.4  2.90600E-21  2.90600E-21
4504.6  2.96400E-21  2.96400E-21
4512.8  3.02100E-21  3.02100E-21
4521  3.07600E-21  3.07600E-21
4529.3  3.12900E-21  3.12900E-21
4537.6  3.18100E-21  3.18100E-21
4545.9  3.23200E-21  3.23200E-21
4554.2  3.28100E-21  3.28100E-21
4562.6  3.32900E-21  3.32900E-21
4571  3.37500E-21  3.37500E-21
4579.5  3.42000E-21  3.42000E-21
4587.9  3.46200E-21  3.46200E-21
4596.4  3.50200E-21  3.50200E-21
4605  3.54100E-21  3.54100E-21
4613.5  3.57700E-21  3.57700E-21
4622.1  3.61100E-21  3.61100E-21
4630.8  3.64300E-21  3.64300E-21
4639.4  3.67200E-21  3.67200E-21
4648.1  3.69900E-21  3.69900E-21
4656.9  3.72400E-21  3.72400E-21
4665.6  3.74600E-21  3.74600E-21
4674.4  3.76600E-21  3.76600E-21
4683.2  3.78400E-21  3.78400E-21
4692.1  3.79900E-21  3.79900E-21
4701  3.81100E-21  3.81100E-21
4709.9  3.81900E-21  3.81900E-21
4718.9  3.82400E-21  3.82400E-21
4727.9  3.82500E-21  3.82500E-21
4736.9  3.82200E-21  3.82200E-21
4746  3.81400E-21  3.81400E-21
4755.1  3.80000E-21  3.80000E-21
4764.2  3.78100E-21  3.78100E-21
4773.4  3.75700E-21  3.75700E-21
4782.6  3.72500E-21  3.72500E-21
4791.8  3.68800E-21  3.68800E-21
4801.1  3.64500E-21  3.64500E-21
4810.4  3.59600E-21  3.59600E-21
4819.8  3.54100E-21  3.54100E-21
4829.2  3.48100E-21  3.48100E-21
4838.6  3.41700E-21  3.41700E-21
4848.1  3.34800E-21  3.34800E-21
4857.6  3.27700E-21  3.27700E-21
4867.1  3.20200E-21  3.20200E-21
4876.7  3.12600E-21  3.12600E-21
4886.3  3.04900E-21  3.04900E-21
4895.9  2.97100E-21  2.97100E-21
4905.6  2.89400E-21  2.89400E-21
4915.3  2.81700E-21  2.81700E-21
4925.1  2.74100E-21  2.74100E-21
4934.9  2.66700E-21  2.66700E-21
4944.7  2.59400E-21  2.59400E-21
4954.6  2.52300E-21  2.52300E-21
4964.5  2.45400E-21  2.45400E-21
4974.5  2.38700E-21  2.38700E-21
4984.5  2.32200E-21  2.32200E-21
4994.5  2.25800E-21  2.25800E-21
5004.6  2.19700E-21  2.19700E-21
5014.7  2.13600E-21  2.13600E-21
5024.9  2.07700E-21  2.07700E-21
5035.1  2.01900E-21  2.01900E-21
5045.3  1.96200E-21  1.96200E-21
5055.6  1.90600E-21  1.90600E-21
5066  1.85000E-21  1.85000E-21
5076.3  1.79500E-21  1.79500E-21
5086.7  1.74000E-21  1.74000E-21
5097.2  1.68500E-21  1.68500E-21
5107.7  1.63000E-21  1.63000E-21
5118.2  1.57500E-21  1.57500E-21
5128.8  1.51900E-21  1.51900E-21
5139.5  1.46400E-21  1.46400E-21
5150.1  1.40800E-21  1.40800E-21
5160.8  1.35200E-21  1.35200E-21
5171.6  1.29500E-21  1.29500E-21
5182.4  1.23900E-21  1.23900E-21
5193.3  1.18200E-21  1.18200E-21
5204.2  1.12500E-21  1.12500E-21
5215.1  1.06900E-21  1.06900E-21
5226.1  1.01200E-21  1.01200E-21
5237.1  9.57000E-22  9.57000E-22
5248.2  9.01000E-22  9.01000E-22
5259.4  8.47000E-22  8.47000E-22
5270.5  7.94000E-22  7.94000E-22
5281.8  7.42000E-22  7.42000E-22
5293  6.92000E-22  6.92000E-22
5304.4  6.44000E-22  6.44000E-22
5315.7  5.97000E-22  5.97000E-22
5327.2  5.53000E-22  5.53000E-22
5338.6  5.11000E-22  5.11000E-22
5350.1  4.71000E-22  4.71000E-22
5361.7  4.33000E-22  4.33000E-22
5373.3  3.98000E-22  3.98000E-22
5385  3.66000E-22  3.66000E-22
5396.7  3.35000E-22  3.35000E-22
